-162.690, -95.139, 2.150
-162.888, -95.139, 3.170
-163.084, -95.140, 3.865
-163.304, -95.140, 4.460
-163.569, -95.140, 5.031
-163.734, -95.141, 5.335
-164.015, -95.141, 5.788
-164.325, -95.142, 6.197
-164.428, -95.142, 6.314
-164.647, -95.142, 6.526
-164.867, -95.143, 6.706
-165.205, -95.144, 6.920
-165.542, -95.144, 7.077
-165.657, -95.145, 7.119
-165.898, -95.145, 7.190
-166.131, -95.146, 7.243
-166.362, -95.146, 7.280
-166.757, -95.147, 7.314
-167.113, -95.148, 7.322
-167.226, -95.148, 7.321
-167.483, -95.149, 7.312
-167.754, -95.149, 7.296
-167.988, -95.150, 7.277
-168.353, -95.151, 7.241
-168.633, -95.152, 7.209
-168.764, -95.152, 7.193
-169.121, -95.153, 7.147
-169.357, -95.153, 7.114
-169.695, -95.154, 7.066
-170.021, -95.155, 7.019
-170.130, -95.155, 7.003
-170.343, -95.156, 6.971
-170.592, -95.156, 6.934
-170.938, -95.157, 6.882
-171.167, -95.157, 6.838
-171.285, -95.158, 6.800
-171.393, -95.158, 6.756
-171.625, -95.159, 6.617
-171.835, -95.159, 6.451
-172.123, -95.160, 6.149
-172.427, -95.160, 5.755
-172.531, -95.161, 5.605
-172.727, -95.161, 5.298
-172.957, -95.162, 4.895
-173.168, -95.162, 4.478
-173.377, -95.162, 4.015
-173.507, -95.163, 3.693
-173.671, -95.163, 3.239
-173.854, -95.163, 2.646
-173.998, -95.164, 2.074
-174.150, -95.164, 1.254
-174.250, -95.164, 0.463
-174.371, -95.164, 1.286
-174.499, -95.164, 1.810
-174.700, -95.164, 2.345
-174.818, -95.164, 2.596
-174.948, -95.164, 2.841
-175.194, -95.164, 3.254
-175.324, -95.164, 3.451
-175.445, -95.164, 3.625
-175.564, -95.164, 3.786
-175.688, -95.164, 3.947
-175.882, -95.164, 4.186
-176.091, -95.165, 4.428
-176.201, -95.165, 4.549
-176.412, -95.165, 4.772
-176.584, -95.165, 4.946
-176.749, -95.165, 5.106
-176.939, -95.165, 5.283
-177.165, -95.165, 5.485
-177.407, -95.165, 5.691
-177.616, -95.165, 5.847
-177.860, -95.166, 5.989
-178.144, -95.166, 6.111
-178.383, -95.166, 6.183
-178.587, -95.166, 6.229
-178.921, -95.166, 6.278
-179.255, -95.167, 6.303
-179.554, -95.167, 6.310
-179.788, -95.167, 6.308
-180.018, -95.167, 6.301
-180.216, -95.167, 6.292
-180.465, -95.168, 6.277
-180.718, -95.168, 6.259
-180.975, -95.168, 6.239
-181.219, -95.168, 6.218
-181.478, -95.169, 6.195
-181.827, -95.169, 6.163
-182.133, -95.169, 6.134
-182.442, -95.170, 6.104
-182.671, -95.170, 6.083
-182.866, -95.170, 6.064
-183.205, -95.171, 6.032
-183.489, -95.171, 6.006
-183.780, -95.171, 5.979
-183.978, -95.172, 5.961
-184.270, -95.172, 5.936
-184.557, -95.172, 5.911
-184.768, -95.173, 5.893
-185.040, -95.173, 5.870
-185.296, -95.173, 5.850
-185.522, -95.174, 5.832
-185.788, -95.174, 5.811
-186.052, -95.174, 5.791
-186.391, -95.175, 5.766
-186.582, -95.175, 5.753
-187.106, -95.176, 5.716
-187.301, -95.176, 5.703
-187.536, -95.176, 5.688
-187.839, -95.177, 5.668
-188.098, -95.177, 5.652
-188.352, -95.178, 5.637
-188.611, -95.178, 5.622
-188.798, -95.178, 5.611
-189.029, -95.179, 5.598
-189.314, -95.179, 5.582
-189.575, -95.179, 5.568
-189.851, -95.180, 5.554
-190.032, -95.180, 5.547
-190.254, -95.180, 5.558
-190.486, -95.181, 5.599
-190.709, -95.181, 5.632
-190.985, -95.181, 5.658
-191.249, -95.182, 5.672
-191.515, -95.182, 5.678
-191.776, -95.183, 5.678
-192.056, -95.183, 5.674
-192.313, -95.183, 5.667
-192.565, -95.184, 5.658
-192.679, -95.184, 5.654
-192.987, -95.185, 5.640
-193.300, -95.185, 5.626
-193.404, -95.185, 5.621
-193.583, -95.185, 5.613
-193.855, -95.186, 5.600
-194.031, -95.186, 5.591
-194.210, -95.186, 5.582
-194.385, -95.187, 5.573
-194.559, -95.187, 5.564
-194.826, -95.187, 5.547
-195.086, -95.188, 5.507
-195.307, -95.188, 5.526
-195.639, -95.188, 5.655
-195.922, -95.189, 5.755
-196.118, -95.189, 5.804
-196.441, -95.190, 5.859
-196.657, -95.190, 5.882
-196.804, -95.190, 5.893
-197.063, -95.191, 5.904
-197.307, -95.191, 5.907
-197.545, -95.191, 5.912
-197.888, -95.192, 5.918
-198.109, -95.192, 5.917
-198.302, -95.192, 5.913
-198.496, -95.192, 5.909
-198.680, -95.193, 5.902
-198.952, -95.193, 5.882
-199.226, -95.194, 5.859
-199.537, -95.194, 5.834
-199.755, -95.195, 5.817
-199.944, -95.195, 5.803
-200.215, -95.195, 5.782
-200.484, -95.196, 5.767
-200.595, -95.196, 5.759
-200.775, -95.196, 5.748
-200.981, -95.196, 5.733
-201.162, -95.197, 5.722
-201.478, -95.197, 5.703
-201.744, -95.198, 5.684
-201.921, -95.198, 5.673
-202.102, -95.198, 5.663
-202.286, -95.199, 5.653
-202.545, -95.199, 5.639
-202.888, -95.200, 5.618
-203.059, -95.200, 5.601
-203.311, -95.200, 5.586
-203.564, -95.201, 5.544
-203.813, -95.201, 5.539
-204.076, -95.201, 5.570
-204.329, -95.202, 5.641
-204.672, -95.202, 5.719
-204.843, -95.203, 5.744
-205.103, -95.203, 5.771
-205.379, -95.203, 5.787
-205.648, -95.204, 5.794
-205.901, -95.204, 5.792
-206.154, -95.204, 5.789
-206.415, -95.205, 5.770
-206.688, -95.205, 5.758
-206.942, -95.206, 5.750
-207.198, -95.206, 5.732
-207.452, -95.206, 5.715
-207.703, -95.207, 5.682
-207.969, -95.207, 5.676
-208.217, -95.208, 5.668
-208.482, -95.208, 5.656
-208.813, -95.208, 5.642
-208.991, -95.209, 5.632
-209.240, -95.209, 5.597
-209.490, -95.209, 5.572
-209.748, -95.210, 5.531
-210.002, -95.210, 5.539
-210.403, -95.211, 5.642
-210.574, -95.211, 5.690
-210.835, -95.211, 5.742
-211.104, -95.212, 5.778
-211.358, -95.212, 5.798
-211.611, -95.213, 5.809
-211.796, -95.213, 5.812
-211.965, -95.213, 5.812
-212.145, -95.213, 5.810
-212.413, -95.214, 5.804
-212.769, -95.214, 5.790
-212.934, -95.215, 5.783
-213.100, -95.215, 5.775
-213.378, -95.215, 5.760
-213.887, -95.216, 5.732
-214.230, -95.216, 5.712
-214.403, -95.217, 5.702
-214.663, -95.217, 5.686
-214.924, -95.218, 5.671
-215.181, -95.218, 5.657
-215.368, -95.218, 5.646
-215.612, -95.219, 5.632
-215.874, -95.219, 5.618
-216.124, -95.219, 5.605
-216.381, -95.220, 5.591
-216.820, -95.220, 5.569
-217.073, -95.221, 5.557
-217.552, -95.222, 5.558
-217.793, -95.222, 5.600
-218.049, -95.222, 5.629
-218.311, -95.223, 5.644
-218.576, -95.223, 5.659
-218.840, -95.223, 5.667
-219.092, -95.224, 5.668
-219.387, -95.224, 5.663
-219.641, -95.225, 5.658
-219.903, -95.225, 5.650
-220.156, -95.225, 5.641
-220.420, -95.226, 5.627
-220.584, -95.226, 5.613
-220.931, -95.227, 5.587
-221.215, -95.227, 5.579
-221.469, -95.227, 5.570
-221.716, -95.228, 5.561
-221.880, -95.228, 5.554
-222.088, -95.228, 5.549
-222.287, -95.229, 5.562
-222.467, -95.229, 5.592
-222.716, -95.229, 5.631
-222.973, -95.230, 5.656
-223.252, -95.230, 5.671
-223.418, -95.230, 5.676
-223.686, -95.231, 5.679
-223.971, -95.231, 5.676
-224.233, -95.232, 5.670
-224.412, -95.232, 5.665
-224.675, -95.232, 5.655
-224.834, -95.232, 5.649
-224.958, -95.233, 5.644
-225.070, -95.233, 5.639
-225.295, -95.233, 5.629
-225.496, -95.233, 5.619
-225.756, -95.234, 5.607
-225.958, -95.234, 5.597
-226.162, -95.234, 5.587
-226.336, -95.235, 5.579
-226.573, -95.235, 5.568
-226.848, -95.235, 5.555
-226.957, -95.236, 5.550
-227.152, -95.236, 5.551
-227.409, -95.236, 5.585
-227.818, -95.237, 5.635
-228.020, -95.237, 5.648
-228.201, -95.238, 5.656
-228.454, -95.238, 5.661
-228.811, -95.238, 5.660
-228.995, -95.239, 5.657
-229.253, -95.239, 5.650
-229.604, -95.240, 5.638
-229.778, -95.240, 5.631
-230.035, -95.240, 5.620
-230.298, -95.241, 5.608
-230.573, -95.241, 5.595
-230.832, -95.241, 5.583
-231.176, -95.242, 5.566
-231.345, -95.242, 5.556
-231.527, -95.243, 5.550
-231.797, -95.243, 5.554
-232.054, -95.242, 5.598
-232.317, -95.242, 5.647
-232.550, -95.241, 5.666
-232.804, -95.241, 5.682
-233.145, -95.240, 5.684
-233.311, -95.239, 5.690
-233.553, -95.238, 5.696
-233.826, -95.237, 5.693
-234.071, -95.234, 5.686
-234.310, -95.230, 5.681
-234.554, -95.225, 5.659
-234.807, -95.219, 5.646
-235.072, -95.213, 5.639
-235.339, -95.207, 5.630
-235.590, -95.200, 5.621
-235.830, -95.193, 5.611
-236.061, -95.187, 5.601
-236.309, -95.176, 5.588
-236.558, -95.165, 5.571
-236.820, -95.151, 5.558
-237.053, -95.138, 5.551
-237.295, -95.124, 5.552
-237.557, -95.108, 5.594
-237.831, -95.090, 5.662
-238.011, -95.078, 5.693
-238.273, -95.061, 5.725
-238.546, -95.040, 5.741
-238.791, -95.018, 5.749
-239.118, -94.987, 5.752
-239.293, -94.969, 5.751
-239.534, -94.944, 5.746
-239.781, -94.918, 5.738
-240.019, -94.892, 5.728
-240.254, -94.865, 5.715
-240.498, -94.837, 5.696
-240.761, -94.805, 5.672
-241.009, -94.771, 5.661
-241.498, -94.699, 5.635
-241.745, -94.661, 5.625
-241.979, -94.624, 5.610
-242.247, -94.580, 5.595
-242.494, -94.539, 5.582
-242.745, -94.496, 5.566
-242.978, -94.455, 5.555
-243.212, -94.410, 5.546
-243.439, -94.365, 5.555
-243.684, -94.315, 5.595
-243.917, -94.266, 5.635
-244.151, -94.216, 5.674
-244.386, -94.165, 5.699
-244.634, -94.110, 5.729
-244.890, -94.052, 5.755
-245.142, -93.993, 5.768
-245.416, -93.925, 5.773
-245.663, -93.861, 5.773
-246.140, -93.734, 5.763
-246.370, -93.671, 5.754
-246.630, -93.599, 5.743
-246.871, -93.531, 5.728
-247.099, -93.465, 5.712
-247.359, -93.389, 5.692
-247.594, -93.317, 5.676
-247.861, -93.232, 5.663
-248.096, -93.155, 5.651
-248.323, -93.080, 5.640
-248.557, -93.002, 5.625
-248.788, -92.923, 5.607
-249.023, -92.842, 5.575
-249.241, -92.766, 5.553
-249.465, -92.686, 5.536
-249.681, -92.606, 5.555
-249.921, -92.515, 5.624
-250.151, -92.425, 5.712
-250.414, -92.322, 5.783
-250.883, -92.134, 5.852
-251.147, -92.026, 5.869
-251.383, -91.928, 5.876
-251.548, -91.858, 5.874
-251.802, -91.747, 5.868
-252.056, -91.634, 5.859
-252.373, -91.489, 5.845
-252.522, -91.421, 5.837
-252.747, -91.316, 5.824
-252.971, -91.210, 5.810
-253.211, -91.095, 5.794
-253.453, -90.979, 5.778
-253.703, -90.855, 5.756
-254.006, -90.700, 5.734
-254.146, -90.627, 5.725
-254.359, -90.515, 5.710
-254.528, -90.425, 5.699
-254.729, -90.317, 5.685
-254.845, -90.254, 5.677
-255.123, -90.102, 5.659
-255.426, -89.935, 5.640
-255.565, -89.856, 5.629
-255.784, -89.730, 5.613
-255.996, -89.604, 5.600
-256.193, -89.487, 5.587
-256.415, -89.352, 5.571
-256.636, -89.218, 5.558
-256.783, -89.127, 5.547
-256.937, -89.032, 5.547
-257.084, -88.940, 5.576
-257.307, -88.800, 5.647
-257.535, -88.653, 5.701
-257.742, -88.517, 5.738
-257.944, -88.382, 5.762
-258.146, -88.244, 5.777
-258.349, -88.106, 5.781
-258.627, -87.913, 5.773
-258.765, -87.817, 5.762
-258.971, -87.672, 5.743
-259.171, -87.530, 5.724
-259.368, -87.386, 5.704
-259.626, -87.194, 5.682
-259.770, -87.084, 5.664
-259.934, -86.959, 5.659
-260.123, -86.813, 5.657
-260.312, -86.666, 5.653
-260.540, -86.488, 5.644
-260.729, -86.338, 5.636
-260.920, -86.186, 5.626
-261.108, -86.032, 5.611
-261.350, -85.828, 5.587
-261.627, -85.593, 5.569
-261.805, -85.439, 5.561
-262.003, -85.266, 5.552
-262.093, -85.187, 5.556
-262.189, -85.103, 5.570
-262.427, -84.892, 5.636
-262.626, -84.712, 5.673
-262.802, -84.547, 5.696
-262.992, -84.369, 5.711
-263.183, -84.187, 5.717
-263.260, -84.112, 5.718
-263.381, -83.996, 5.718
-263.561, -83.820, 5.714
-263.681, -83.702, 5.707
-263.799, -83.586, 5.695
-263.918, -83.468, 5.680
-264.092, -83.295, 5.655
-264.260, -83.126, 5.636
-264.422, -82.959, 5.613
-264.635, -82.734, 5.593
-264.740, -82.622, 5.584
-264.901, -82.449, 5.570
-265.058, -82.278, 5.551
-265.214, -82.106, 5.545
-265.431, -81.866, 5.577
-265.536, -81.749, 5.610
-265.698, -81.567, 5.661
-265.861, -81.382, 5.697
-266.019, -81.201, 5.720
-266.195, -80.991, 5.734
-266.321, -80.841, 5.734
-266.430, -80.708, 5.753
-266.592, -80.510, 5.770
-266.744, -80.322, 5.778
-266.870, -80.164, 5.781
-267.084, -79.895, 5.779
-267.276, -79.651, 5.771
-267.445, -79.433, 5.758
-267.559, -79.280, 5.747
-267.668, -79.133, 5.738
-267.864, -78.864, 5.722
-268.038, -78.623, 5.707
-268.099, -78.536, 5.701
-268.219, -78.367, 5.690
-268.350, -78.180, 5.677
-268.450, -78.037, 5.668
-268.623, -77.787, 5.651
-268.727, -77.635, 5.641
-268.843, -77.465, 5.630
-268.941, -77.318, 5.616
-269.041, -77.165, 5.606
-269.183, -76.942, 5.592
-269.326, -76.715, 5.579
-269.471, -76.483, 5.560
-269.582, -76.303, 5.545
-269.721, -76.076, 5.558
-269.913, -75.758, 5.629
-270.006, -75.602, 5.682
-270.257, -75.167, 5.767
-270.393, -74.924, 5.792
-270.525, -74.684, 5.806
-270.613, -74.521, 5.810
-270.748, -74.269, 5.810
-270.876, -74.027, 5.805
-271.002, -73.787, 5.794
-271.048, -73.698, 5.790
-271.133, -73.533, 5.783
-271.218, -73.369, 5.774
-271.345, -73.112, 5.755
-271.464, -72.864, 5.740
-271.580, -72.618, 5.725
-271.693, -72.375, 5.710
-271.803, -72.134, 5.694
-271.917, -71.881, 5.679
-271.993, -71.711, 5.669
-272.097, -71.476, 5.654
-272.205, -71.230, 5.640
-272.330, -70.930, 5.617
-272.399, -70.760, 5.607
-272.462, -70.602, 5.599
-272.562, -70.348, 5.585
-272.651, -70.120, 5.573
-272.740, -69.886, 5.561
-272.822, -69.670, 5.551
-272.889, -69.488, 5.552
-272.960, -69.297, 5.578
-273.033, -69.099, 5.613
-273.095, -68.922, 5.631
-273.193, -68.632, 5.653
-273.255, -68.445, 5.662
-273.319, -68.250, 5.666
-273.375, -68.073, 5.668
-273.432, -67.894, 5.667
-273.488, -67.717, 5.664
-273.575, -67.436, 5.657
-273.628, -67.260, 5.651
-273.660, -67.154, 5.647
-273.694, -67.041, 5.642
-273.757, -66.832, 5.633
-273.818, -66.615, 5.619
-273.846, -66.512, 5.614
-273.905, -66.291, 5.603
-273.968, -66.050, 5.592
-274.026, -65.823, 5.581
-274.077, -65.619, 5.572
-274.150, -65.324, 5.558
-274.215, -65.052, 5.553
-274.281, -64.774, 5.589
-274.322, -64.593, 5.616
-274.378, -64.337, 5.636
-274.431, -64.074, 5.650
-274.487, -63.792, 5.657
-274.521, -63.614, 5.658
-274.574, -63.332, 5.655
-274.622, -63.067, 5.646
-274.671, -62.790, 5.638
-274.702, -62.611, 5.630
-274.748, -62.341, 5.615
-274.777, -62.159, 5.605
-274.806, -61.966, 5.594
-274.831, -61.784, 5.587
-274.893, -61.319, 5.569
-274.917, -61.133, 5.561
-274.939, -60.950, 5.554
-274.960, -60.773, 5.553
-274.981, -60.592, 5.573
-275.012, -60.315, 5.637
-275.043, -60.027, 5.687
-275.070, -59.748, 5.715
-275.087, -59.549, 5.728
-275.103, -59.367, 5.735
-275.121, -59.140, 5.740
-275.145, -58.827, 5.739
-275.173, -58.433, 5.730
-275.187, -58.231, 5.723
-275.199, -58.039, 5.715
-275.210, -57.853, 5.706
-275.228, -57.544, 5.692
-275.238, -57.334, 5.681
-275.243, -57.231, 5.676
-275.249, -57.119, 5.670
-275.258, -56.918, 5.660
-275.268, -56.706, 5.648
-275.277, -56.496, 5.637
-275.285, -56.297, 5.627
-275.296, -56.011, 5.612
-275.303, -55.806, 5.601
-275.309, -55.619, 5.592
-275.315, -55.431, 5.582
-275.321, -55.243, 5.573
-275.326, -55.054, 5.564
-275.334, -54.761, 5.550
-275.342, -54.466, 5.558
-275.349, -54.177, 5.605
-275.353, -53.971, 5.632
-275.358, -53.784, 5.649
-275.364, -53.487, 5.665
-275.368, -53.282, 5.670
-275.371, -53.087, 5.672
-275.375, -52.896, 5.671
-275.378, -52.705, 5.668
-275.381, -52.518, 5.663
-275.385, -52.236, 5.654
-275.388, -52.034, 5.647
-275.391, -51.839, 5.639
-275.394, -51.636, 5.630
-275.396, -51.446, 5.621
-275.399, -51.242, 5.612
-275.402, -50.977, 5.599
-275.405, -50.724, 5.587
-275.407, -50.593, 5.581
-275.410, -50.322, 5.568
-275.412, -50.091, 5.557
-275.414, -49.900, 5.549
-275.418, -49.601, 5.558
-275.420, -49.398, 5.590
-275.422, -49.160, 5.625
-275.424, -48.951, 5.645
-275.425, -48.818, 5.654
-275.428, -48.543, 5.666
-275.429, -48.396, 5.669
-275.432, -48.019, 5.669
-275.433, -47.913, 5.667
-275.434, -47.788, 5.665
-275.436, -47.650, 5.661
-275.438, -47.409, 5.654
-275.440, -47.168, 5.645
-275.442, -46.883, 5.633
-275.444, -46.585, 5.620
-275.445, -46.482, 5.615
-275.447, -46.281, 5.606
-275.448, -46.089, 5.597
-275.450, -45.901, 5.588
-275.452, -45.621, 5.574
-275.453, -45.429, 5.565
-275.455, -45.243, 5.557
-275.456, -45.120, 5.551
-275.457, -44.891, 5.545
-275.459, -44.616, 5.574
-275.461, -44.395, 5.630
-275.463, -44.198, 5.677
-275.464, -43.955, 5.718
-275.466, -43.697, 5.747
-275.468, -43.472, 5.762
-275.469, -43.270, 5.770
-275.472, -42.982, 5.774
-275.474, -42.674, 5.771
-275.475, -42.475, 5.766
-275.477, -42.197, 5.757
-275.479, -41.945, 5.746
-275.481, -41.751, 5.737
-275.482, -41.537, 5.727
-275.484, -41.290, 5.714
-275.486, -41.067, 5.702
-275.487, -40.833, 5.689
-275.489, -40.618, 5.677
-275.491, -40.313, 5.660
-275.493, -39.990, 5.642
-275.496, -39.685, 5.625
-275.497, -39.484, 5.615
-275.500, -39.066, 5.593
-275.502, -38.792, 5.579
-275.505, -38.432, 5.561
-275.506, -38.246, 5.552
-275.507, -38.062, 5.546
-275.509, -37.783, 5.566
-275.511, -37.602, 5.607
-275.512, -37.402, 5.651
-275.514, -37.194, 5.685
-275.515, -36.997, 5.708
-275.517, -36.804, 5.724
-275.519, -36.503, 5.737
-275.521, -36.183, 5.741
-275.523, -35.890, 5.738
-275.525, -35.700, 5.733
-275.527, -35.422, 5.724
-275.528, -35.243, 5.717
-275.529, -35.043, 5.708
-275.531, -34.851, 5.699
-275.532, -34.658, 5.690
-275.534, -34.467, 5.680
-275.536, -34.152, 5.664
-275.539, -33.757, 5.643
-275.540, -33.576, 5.633
-275.541, -33.390, 5.623
-275.543, -33.112, 5.609
-275.545, -32.848, 5.595
-275.547, -32.568, 5.581
-275.549, -32.364, 5.571
-275.551, -32.082, 5.557
-275.553, -31.808, 5.546
-275.555, -31.520, 5.570
-275.556, -31.299, 5.622
-275.558, -31.083, 5.669
-275.559, -30.888, 5.700
-275.561, -30.698, 5.722
-275.562, -30.486, 5.739
-275.565, -30.153, 5.752
-275.567, -29.826, 5.754
-275.569, -29.594, 5.751
-275.571, -29.330, 5.744
-275.573, -29.072, 5.735
-275.574, -28.830, 5.725
-275.576, -28.620, 5.715
-275.578, -28.351, 5.702
-275.579, -28.215, 5.695
-275.581, -27.979, 5.682
-275.582, -27.712, 5.668
-275.584, -27.459, 5.654
-275.586, -27.255, 5.643
-275.589, -26.777, 5.617
-275.591, -26.594, 5.608
-275.592, -26.404, 5.598
-275.594, -26.190, 5.587
-275.595, -25.977, 5.576
-275.597, -25.757, 5.565
-275.598, -25.565, 5.556
-275.600, -25.365, 5.547
-275.601, -25.171, 5.548
-275.603, -24.925, 5.580
-275.605, -24.682, 5.621
-275.607, -24.411, 5.650
-275.607, -24.301, 5.658
-275.608, -24.152, 5.667
-275.610, -23.996, 5.673
-275.612, -23.723, 5.677
-275.613, -23.467, 5.676
-275.615, -23.268, 5.673
-275.617, -22.943, 5.664
-275.619, -22.645, 5.654
-275.621, -22.456, 5.646
-275.622, -22.234, 5.636
-275.625, -21.956, 5.624
-275.626, -21.704, 5.612
-275.628, -21.477, 5.601
-275.630, -21.257, 5.590
-275.631, -21.067, 5.581
-275.632, -20.874, 5.572
-275.635, -20.565, 5.557
-275.636, -20.371, 5.549
-275.637, -20.261, 5.547
-275.639, -19.974, 5.572
-275.640, -19.782, 5.606
-275.642, -19.507, 5.641
-275.643, -19.388, 5.651
-275.646, -19.046, 5.669
-275.647, -18.851, 5.674
-275.648, -18.656, 5.675
-275.650, -18.463, 5.674
-275.651, -18.266, 5.670
-275.653, -18.058, 5.665
-275.655, -17.781, 5.656
-275.657, -17.517, 5.646
-275.659, -17.242, 5.634
-275.660, -17.053, 5.626
-275.662, -16.750, 5.611
-275.665, -16.442, 5.597
-275.667, -16.163, 5.583
-275.669, -15.968, 5.560
-275.671, -15.699, 5.446
-275.673, -15.431, 5.217
-275.675, -15.183, 4.900
-275.677, -15.025, 4.654
-275.679, -14.796, 4.243
-275.680, -14.657, 3.957
-275.681, -14.496, 3.586
-275.683, -14.377, 3.278
-275.684, -14.260, 2.943
-275.685, -14.151, 2.588
-275.687, -13.969, 1.860
-275.688, -13.856, 1.236
-275.689, -13.739, 0.484
-275.691, -13.603, 1.359
-275.692, -13.501, 1.702
-275.693, -13.371, 2.050
-275.695, -13.201, 2.425
-275.696, -13.073, 2.673
-275.698, -12.929, 2.927
-275.699, -12.777, 3.175
-275.701, -12.668, 3.340
-275.703, -12.496, 3.589
-275.705, -12.308, 3.842
-275.708, -12.102, 4.102
-275.713, -11.742, 4.516
-275.716, -11.510, 4.761
-275.719, -11.268, 5.003
-275.721, -11.094, 5.169
-275.725, -10.828, 5.411
-275.728, -10.639, 5.575
-275.730, -10.458, 5.726
-275.733, -10.264, 5.864
-275.737, -9.984, 6.019
-275.741, -9.697, 6.131
-275.745, -9.394, 6.212
-275.748, -9.197, 6.249
-275.753, -8.894, 6.286
-275.757, -8.592, 6.304
-275.759, -8.488, 6.308
-275.762, -8.291, 6.309
-275.766, -8.094, 6.307
-275.771, -7.786, 6.296
-275.776, -7.478, 6.280
-275.780, -7.233, 6.263
-275.787, -6.874, 6.236
-275.793, -6.519, 6.205
-275.795, -6.388, 6.194
-275.798, -6.251, 6.181
-275.808, -5.696, 6.130
-275.811, -5.486, 6.110
-275.815, -5.284, 6.092
-275.819, -5.079, 6.072
-275.824, -4.777, 6.045
-275.828, -4.577, 6.026
-275.832, -4.374, 6.008
-275.836, -4.171, 5.990
-275.839, -3.970, 5.972
-275.845, -3.667, 5.946
-275.851, -3.377, 5.922
-275.856, -3.098, 5.899
-275.859, -2.911, 5.884
-275.865, -2.628, 5.861
-275.870, -2.352, 5.840
-275.875, -2.063, 5.818
-275.879, -1.881, 5.805
-275.884, -1.612, 5.785
-275.889, -1.335, 5.766
-275.895, -1.037, 5.745
-275.899, -0.811, 5.730
-275.903, -0.565, 5.714
-275.907, -0.360, 5.701
-275.912, -0.103, 5.685
-275.916, 0.137, 5.670
-275.919, 0.261, 5.663
-275.923, 0.510, 5.648
-275.928, 0.810, 5.631
-275.932, 1.002, 5.620
-275.934, 1.103, 5.615
-275.938, 1.383, 5.600
-275.942, 1.582, 5.589
-275.945, 1.777, 5.579
-275.950, 2.055, 5.565
-275.953, 2.242, 5.556
-275.955, 2.358, 5.551
-275.956, 2.466, 5.546
-275.960, 2.683, 5.549
-275.964, 2.949, 5.589
-275.966, 3.087, 5.613
-275.971, 3.431, 5.655
-275.975, 3.711, 5.674
-275.978, 3.898, 5.681
-275.981, 4.142, 5.685
-275.985, 4.461, 5.683
-275.989, 4.750, 5.676
-275.993, 5.068, 5.666
-275.996, 5.260, 5.659
-275.998, 5.454, 5.651
-276.001, 5.689, 5.640
-276.004, 5.899, 5.631
-276.008, 6.160, 5.618
-276.010, 6.419, 5.606
-276.012, 6.603, 5.597
-276.015, 6.876, 5.583
-276.017, 7.142, 5.570
-276.020, 7.434, 5.557
-276.022, 7.715, 5.546
-276.024, 7.990, 5.566
-276.026, 8.279, 5.633
-276.027, 8.472, 5.671
-276.028, 8.716, 5.704
-276.029, 8.959, 5.725
-276.030, 9.177, 5.737
-276.031, 9.365, 5.742
-276.032, 9.657, 5.744
-276.033, 9.946, 5.740
-276.034, 10.249, 5.731
-276.034, 10.450, 5.724
-276.035, 10.722, 5.712
-276.035, 10.910, 5.704
-276.035, 11.133, 5.693
-276.035, 11.251, 5.687
-276.035, 11.561, 5.671
-276.035, 11.817, 5.657
-276.035, 11.989, 5.648
-276.035, 12.212, 5.636
-276.034, 12.413, 5.625
-276.034, 12.589, 5.616
-276.033, 12.865, 5.602
-276.033, 13.149, 5.587
-276.032, 13.422, 5.573
-276.031, 13.601, 5.564
-276.030, 13.872, 5.547
-276.029, 14.152, 5.554
-276.027, 14.418, 5.605
-276.026, 14.673, 5.653
-276.025, 14.931, 5.673
-276.023, 15.189, 5.673
-276.021, 15.450, 5.660
-276.020, 15.712, 5.644
-276.018, 15.936, 5.635
-276.017, 16.195, 5.650
-276.015, 16.511, 5.661
-276.013, 16.795, 5.664
-276.011, 17.066, 5.662
-276.010, 17.250, 5.658
-276.008, 17.524, 5.650
-276.005, 17.808, 5.640
-276.003, 18.082, 5.629
-276.001, 18.257, 5.622
-276.000, 18.443, 5.613
-275.998, 18.695, 5.602
-275.996, 18.918, 5.591
-275.994, 19.125, 5.582
-275.991, 19.385, 5.569
-275.989, 19.608, 5.559
-275.987, 19.865, 5.549
-275.984, 20.127, 5.566
-275.982, 20.396, 5.622
-275.979, 20.722, 5.670
-275.977, 20.908, 5.688
-275.974, 21.195, 5.704
-275.972, 21.380, 5.709
-275.970, 21.582, 5.712
-275.968, 21.770, 5.711
-275.966, 21.968, 5.708
-275.964, 22.233, 5.701
-275.961, 22.457, 5.693
-275.960, 22.590, 5.688
-275.957, 22.918, 5.674
-275.953, 23.283, 5.657
-275.952, 23.384, 5.652
-275.949, 23.707, 5.635
-275.946, 23.997, 5.621
-275.943, 24.276, 5.607
-275.941, 24.452, 5.598
-275.939, 24.714, 5.585
-275.936, 24.972, 5.572
-275.934, 25.231, 5.559
-275.931, 25.503, 5.548
-275.928, 25.765, 5.567
-275.925, 26.027, 5.620
-275.924, 26.129, 5.639
-275.923, 26.297, 5.667
-275.920, 26.552, 5.695
-275.918, 26.806, 5.709
-275.915, 27.000, 5.712
-275.913, 27.258, 5.718
-275.910, 27.585, 5.718
-275.906, 27.950, 5.711
-275.904, 28.132, 5.705
-275.902, 28.315, 5.698
-275.899, 28.595, 5.686
-275.897, 28.867, 5.674
-275.894, 29.152, 5.660
-275.892, 29.332, 5.651
-275.889, 29.603, 5.637
-275.886, 29.865, 5.623
-275.883, 30.131, 5.601
-275.881, 30.400, 5.556
-275.879, 30.570, 5.528
-275.877, 30.772, 5.535
-275.875, 30.945, 5.560
-275.873, 31.136, 5.609
-275.871, 31.396, 5.670
-275.868, 31.651, 5.710
-275.865, 31.914, 5.736
-275.862, 32.199, 5.751
-275.861, 32.376, 5.755
-275.858, 32.645, 5.754
-275.856, 32.838, 5.747
-275.854, 33.039, 5.744
-275.852, 33.220, 5.740
-275.850, 33.433, 5.733
-275.847, 33.710, 5.722
-275.844, 33.979, 5.710
-275.843, 34.087, 5.704
-275.841, 34.280, 5.695
-275.839, 34.458, 5.686
-275.836, 34.739, 5.671
-275.835, 34.926, 5.661
-275.832, 35.190, 5.647
-275.828, 35.587, 5.626
-275.825, 35.843, 5.612
-275.823, 36.021, 5.603
-275.821, 36.213, 5.593
-275.820, 36.389, 5.584
-275.817, 36.650, 5.571
-275.814, 36.912, 5.558
-275.813, 37.020, 5.552
-275.811, 37.198, 5.545
-275.810, 37.370, 5.545
-275.807, 37.661, 5.588
-275.804, 37.919, 5.654
-275.801, 38.181, 5.690
-275.799, 38.455, 5.735
-275.796, 38.719, 5.764
-275.795, 38.827, 5.772
-275.794, 38.950, 5.780
-275.790, 39.288, 5.791
-275.787, 39.572, 5.792
-275.785, 39.840, 5.788
-275.782, 40.116, 5.779
-275.779, 40.395, 5.768
-275.776, 40.658, 5.756
-275.774, 40.848, 5.747
-275.772, 41.122, 5.732
-275.769, 41.410, 5.716
-275.766, 41.672, 5.701
-275.761, 42.123, 5.675
-275.760, 42.288, 5.666
-275.758, 42.478, 5.655
-275.755, 42.749, 5.640
-275.752, 43.013, 5.626
-275.750, 43.280, 5.611
-275.748, 43.456, 5.602
-275.745, 43.725, 5.588
-275.742, 43.985, 5.575
-275.739, 44.262, 5.560
-275.738, 44.457, 5.551
-275.735, 44.728, 5.546
-275.733, 44.905, 5.563
-275.731, 45.093, 5.602
-275.729, 45.281, 5.643
-275.727, 45.514, 5.679
-275.725, 45.719, 5.702
-275.723, 45.916, 5.716
-275.720, 46.194, 5.727
-275.716, 46.553, 5.730
-275.714, 46.738, 5.728
-275.712, 46.995, 5.722
-275.708, 47.342, 5.711
-275.706, 47.519, 5.704
-275.704, 47.776, 5.692
-275.702, 47.949, 5.683
-275.700, 48.133, 5.675
-275.698, 48.303, 5.666
-275.695, 48.580, 5.652
-275.694, 48.749, 5.643
-275.692, 48.915, 5.635
-275.690, 49.099, 5.624
-275.688, 49.278, 5.615
-275.686, 49.527, 5.602
-275.683, 49.769, 5.590
-275.681, 50.017, 5.575
-275.678, 50.259, 5.558
-275.676, 50.516, 5.543
-275.673, 50.773, 5.558
-275.671, 51.028, 5.596
-275.669, 51.196, 5.609
-275.665, 51.531, 5.613
-275.663, 51.776, 5.614
-275.660, 52.046, 5.629
-275.658, 52.312, 5.649
-275.655, 52.581, 5.659
-275.652, 52.842, 5.663
-275.649, 53.106, 5.661
-275.647, 53.357, 5.657
-275.644, 53.621, 5.648
-275.639, 54.126, 5.604
-275.636, 54.373, 5.573
-275.634, 54.618, 5.549
-275.631, 54.863, 5.525
-275.629, 55.118, 5.521
-275.625, 55.450, 5.579
-275.624, 55.614, 5.638
-275.621, 55.872, 5.717
-275.619, 56.131, 5.771
-275.616, 56.386, 5.811
-275.614, 56.559, 5.830
-275.611, 56.854, 5.876
-275.608, 57.140, 5.906
-275.602, 57.709, 5.926
-275.600, 57.990, 5.924
-275.597, 58.276, 5.916
-275.594, 58.537, 5.905
-275.591, 58.810, 5.892
-275.589, 59.079, 5.877
-275.584, 59.524, 5.849
-275.580, 59.890, 5.825
-275.578, 60.153, 5.807
-275.574, 60.504, 5.784
-275.572, 60.674, 5.772
-275.570, 60.934, 5.755
-275.566, 61.273, 5.733
-275.564, 61.443, 5.722
-275.562, 61.698, 5.705
-275.560, 61.870, 5.689
-275.557, 62.200, 5.651
-275.551, 62.714, 5.612
-275.549, 62.973, 5.603
-275.547, 63.155, 5.597
-275.544, 63.438, 5.587
-275.542, 63.599, 5.581
-275.541, 63.779, 5.573
-275.539, 63.962, 5.566
-275.536, 64.208, 5.555
-275.534, 64.453, 5.550
-275.531, 64.717, 5.580
-275.528, 64.984, 5.633
-275.526, 65.264, 5.672
-275.523, 65.515, 5.693
-275.520, 65.773, 5.705
-275.518, 66.043, 5.710
-275.515, 66.292, 5.708
-275.509, 66.552, 5.703
-275.505, 66.735, 5.697
-275.501, 66.901, 5.692
-275.497, 67.075, 5.686
-275.490, 67.332, 5.671
-275.483, 67.580, 5.648
-275.474, 67.857, 5.630
-275.466, 68.108, 5.619
-275.458, 68.356, 5.596
-275.451, 68.594, 5.572
-275.442, 68.836, 5.548
-275.429, 69.095, 5.551
-275.406, 69.436, 5.619
-275.394, 69.600, 5.650
-275.373, 69.861, 5.686
-275.350, 70.139, 5.709
-275.327, 70.408, 5.721
-275.303, 70.664, 5.725
-275.269, 71.011, 5.722
-275.253, 71.181, 5.719
-275.224, 71.451, 5.708
-275.203, 71.614, 5.694
-275.180, 71.783, 5.685
-275.117, 72.199, 5.659
-275.078, 72.439, 5.639
-275.033, 72.706, 5.623
-275.001, 72.884, 5.616
-274.956, 73.136, 5.591
-274.911, 73.379, 5.563
-274.874, 73.569, 5.547
-274.841, 73.743, 5.555
-274.803, 73.932, 5.583
-274.768, 74.096, 5.604
-274.707, 74.353, 5.632
-274.645, 74.597, 5.653
-274.569, 74.887, 5.667
-274.501, 75.136, 5.673
-274.430, 75.388, 5.673
-274.384, 75.545, 5.671
-274.336, 75.711, 5.667
-274.287, 75.875, 5.660
-274.214, 76.117, 5.645
-274.141, 76.354, 5.616
-274.062, 76.589, 5.580
-273.994, 76.780, 5.572
-273.904, 77.021, 5.570
-273.813, 77.259, 5.588
-273.676, 77.607, 5.605
-273.601, 77.792, 5.610
-273.532, 77.959, 5.613
-273.443, 78.169, 5.612
-273.356, 78.374, 5.610
-273.245, 78.631, 5.603
-273.158, 78.821, 5.586
-273.059, 79.024, 5.574
-272.971, 79.200, 5.567
-272.886, 79.367, 5.569
-272.801, 79.531, 5.591
-272.662, 79.794, 5.637
-272.528, 80.041, 5.664
-272.395, 80.281, 5.679
-272.305, 80.442, 5.684
-272.069, 80.853, 5.682
-271.873, 81.168, 5.661
-271.766, 81.334, 5.655
-271.660, 81.493, 5.649
-271.482, 81.758, 5.637
-271.376, 81.913, 5.630
-271.267, 82.070, 5.622
-271.152, 82.232, 5.614
-271.041, 82.387, 5.605
-270.932, 82.539, 5.597
-270.764, 82.767, 5.580
-270.594, 82.984, 5.558
-270.464, 83.145, 5.569
-270.328, 83.309, 5.613
-270.127, 83.549, 5.691
-270.000, 83.697, 5.726
-269.805, 83.921, 5.762
-269.720, 84.017, 5.773
-269.490, 84.275, 5.788
-269.264, 84.522, 5.791
-269.114, 84.683, 5.784
-269.013, 84.788, 5.772
-268.785, 85.013, 5.759
-268.543, 85.246, 5.747
-268.383, 85.398, 5.737
-268.301, 85.474, 5.732
-268.186, 85.580, 5.725
-268.073, 85.683, 5.717
-267.949, 85.795, 5.709
-267.729, 85.991, 5.694
-267.480, 86.210, 5.676
-267.370, 86.304, 5.668
-267.231, 86.424, 5.658
-267.005, 86.615, 5.628
-266.823, 86.761, 5.608
-266.632, 86.908, 5.596
-266.440, 87.054, 5.586
-266.336, 87.131, 5.580
-266.221, 87.215, 5.574
-266.071, 87.324, 5.566
-265.885, 87.458, 5.561
-265.733, 87.566, 5.576
-265.345, 87.835, 5.655
-265.236, 87.909, 5.670
-265.121, 87.988, 5.682
-264.883, 88.146, 5.691
-264.640, 88.299, 5.694
-264.517, 88.376, 5.694
-264.257, 88.534, 5.691
-264.139, 88.605, 5.688
-264.026, 88.672, 5.685
-263.897, 88.748, 5.680
-263.658, 88.887, 5.670
-263.527, 88.962, 5.664
-263.409, 89.029, 5.658
-263.290, 89.096, 5.652
-263.047, 89.233, 5.638
-262.919, 89.302, 5.627
-262.796, 89.367, 5.619
-262.670, 89.433, 5.611
-262.426, 89.559, 5.597
-262.186, 89.680, 5.585
-262.056, 89.745, 5.578
-261.821, 89.862, 5.566
-261.708, 89.917, 5.560
-261.583, 89.977, 5.555
-261.454, 90.039, 5.556
-261.210, 90.156, 5.591
-261.084, 90.216, 5.617
-260.934, 90.286, 5.642
-260.800, 90.347, 5.655
-260.666, 90.407, 5.667
-260.396, 90.526, 5.682
-260.109, 90.650, 5.686
-259.988, 90.701, 5.686
-259.849, 90.760, 5.685
-259.715, 90.817, 5.683
-259.458, 90.923, 5.677
-259.334, 90.974, 5.674
-259.182, 91.036, 5.668
-259.054, 91.088, 5.662
-258.798, 91.190, 5.649
-258.673, 91.239, 5.643
-258.537, 91.291, 5.636
-258.390, 91.346, 5.628
-258.136, 91.441, 5.615
-258.018, 91.484, 5.610
-257.891, 91.531, 5.604
-257.760, 91.578, 5.597
-257.617, 91.630, 5.590
-257.357, 91.722, 5.575
-257.097, 91.814, 5.562
-256.965, 91.860, 5.555
-256.816, 91.912, 5.546
-256.671, 91.961, 5.542
-256.543, 92.003, 5.552
-256.257, 92.096, 5.628
-255.973, 92.187, 5.714
-255.684, 92.277, 5.772
-255.551, 92.319, 5.790
-255.288, 92.400, 5.817
-255.025, 92.479, 5.831
-254.889, 92.520, 5.835
-254.621, 92.599, 5.834
-254.465, 92.643, 5.831
-254.327, 92.682, 5.828
-254.178, 92.723, 5.824
-253.894, 92.800, 5.813
-253.622, 92.873, 5.800
-253.485, 92.910, 5.793
-253.205, 92.982, 5.777
-252.921, 93.056, 5.760
-252.787, 93.090, 5.752
-252.499, 93.162, 5.734
-252.349, 93.199, 5.722
-252.204, 93.233, 5.712
-252.069, 93.264, 5.703
-251.792, 93.328, 5.686
-251.650, 93.360, 5.677
-251.509, 93.391, 5.668
-251.369, 93.422, 5.659
-251.105, 93.479, 5.644
-250.840, 93.536, 5.629
-250.705, 93.564, 5.622
-250.440, 93.620, 5.607
-250.180, 93.671, 5.591
-250.051, 93.696, 5.585
-249.914, 93.722, 5.578
-249.787, 93.745, 5.571
-249.521, 93.794, 5.558
-249.246, 93.843, 5.546
-249.122, 93.865, 5.547
-248.849, 93.912, 5.582
-248.564, 93.961, 5.632
-248.422, 93.985, 5.649
-248.135, 94.032, 5.672
-247.844, 94.077, 5.681
-247.703, 94.097, 5.683
-247.558, 94.118, 5.684
-247.248, 94.162, 5.678
-246.959, 94.201, 5.668
-246.820, 94.220, 5.663
-246.670, 94.239, 5.657
-246.521, 94.258, 5.650
-246.382, 94.276, 5.644
-246.087, 94.313, 5.628
-245.791, 94.348, 5.610
-245.654, 94.363, 5.603
-245.503, 94.379, 5.594
-245.365, 94.393, 5.587
-245.211, 94.408, 5.578
-244.932, 94.435, 5.563
-244.644, 94.462, 5.548
-244.371, 94.486, 5.560
-244.234, 94.498, 5.584
-243.953, 94.522, 5.635
-243.819, 94.533, 5.653
-243.527, 94.554, 5.678
-243.242, 94.573, 5.692
-243.104, 94.582, 5.696
-242.961, 94.590, 5.698
-242.793, 94.600, 5.697
-242.506, 94.617, 5.691
-242.346, 94.625, 5.686
-242.210, 94.632, 5.681
-242.035, 94.641, 5.672
-241.751, 94.655, 5.657
-241.463, 94.667, 5.643
-241.320, 94.673, 5.636
-241.043, 94.683, 5.624
-240.740, 94.694, 5.607
-240.592, 94.699, 5.598
-240.312, 94.707, 5.583
-240.163, 94.712, 5.574
-239.992, 94.717, 5.560
-239.848, 94.721, 5.548
-239.553, 94.728, 5.537
-239.408, 94.731, 5.548
-239.265, 94.735, 5.576
-239.110, 94.738, 5.622
-238.950, 94.741, 5.670
-238.638, 94.747, 5.741
-238.336, 94.752, 5.784
-238.162, 94.755, 5.800
-237.999, 94.757, 5.808
-237.688, 94.762, 5.816
-237.522, 94.764, 5.815
-237.351, 94.766, 5.810
-237.192, 94.768, 5.803
-237.023, 94.770, 5.795
-236.702, 94.773, 5.777
-236.406, 94.776, 5.765
-236.263, 94.778, 5.761
-235.964, 94.780, 5.749
-235.829, 94.781, 5.744
-235.627, 94.783, 5.738
-235.422, 94.784, 5.728
-235.236, 94.785, 5.717
-234.935, 94.787, 5.698
-234.796, 94.788, 5.690
-234.648, 94.789, 5.682
-234.505, 94.789, 5.673
-234.354, 94.790, 5.664
-234.202, 94.791, 5.654
-233.795, 94.793, 5.632
-233.622, 94.793, 5.621
-233.450, 94.794, 5.604
-233.287, 94.795, 5.585
-233.110, 94.795, 5.560
-232.779, 94.796, 5.518
-232.640, 94.797, 5.518
-232.459, 94.797, 5.530
-232.294, 94.798, 5.549
-232.130, 94.798, 5.588
-231.931, 94.799, 5.682
-231.738, 94.799, 5.769
-231.491, 94.800, 5.855
-231.116, 94.800, 5.940
-230.814, 94.801, 5.980
-230.667, 94.801, 5.993
-230.498, 94.802, 6.003
-230.335, 94.802, 6.008
-230.171, 94.802, 6.011
-230.016, 94.803, 6.010
-229.609, 94.803, 6.001
-229.406, 94.804, 5.993
-229.215, 94.804, 5.983
-228.984, 94.804, 5.970
-228.775, 94.805, 5.957
-228.573, 94.805, 5.944
-228.235, 94.805, 5.921
-228.074, 94.806, 5.909
-227.918, 94.806, 5.898
-227.708, 94.806, 5.883
-227.527, 94.806, 5.869
-227.195, 94.807, 5.845
-227.031, 94.807, 5.833
-226.876, 94.807, 5.822
-226.720, 94.807, 5.810
-226.424, 94.808, 5.789
-226.270, 94.808, 5.778
-226.124, 94.808, 5.767
-225.959, 94.808, 5.754
-225.796, 94.808, 5.740
-225.496, 94.809, 5.716
-225.183, 94.809, 5.690
-225.032, 94.809, 5.678
-224.745, 94.810, 5.659
-224.476, 94.810, 5.646
-224.329, 94.810, 5.638
-224.043, 94.811, 5.622
-223.767, 94.811, 5.608
-223.624, 94.811, 5.600
-223.335, 94.811, 5.583
-223.196, 94.811, 5.576
-223.044, 94.812, 5.567
-222.913, 94.812, 5.560
-222.767, 94.812, 5.553
-222.553, 94.812, 5.548
-222.360, 94.812, 5.556
-221.974, 94.813, 5.615
-221.798, 94.813, 5.636
-221.643, 94.813, 5.644
-221.485, 94.813, 5.650
-221.342, 94.814, 5.652
-221.050, 94.814, 5.658
-220.752, 94.814, 5.658
-220.562, 94.814, 5.653
-220.379, 94.815, 5.649
-220.182, 94.815, 5.647
-220.012, 94.815, 5.643
-219.842, 94.815, 5.634
-219.436, 94.816, 5.616
-219.246, 94.816, 5.607
-219.067, 94.816, 5.599
-218.917, 94.816, 5.590
-218.723, 94.816, 5.584
-218.533, 94.817, 5.575
-218.342, 94.817, 5.569
-218.159, 94.817, 5.563
-217.797, 94.817, 5.542
-217.627, 94.818, 5.537
-217.440, 94.818, 5.566
-217.241, 94.818, 5.622
-217.043, 94.818, 5.677
-216.845, 94.819, 5.718
-216.646, 94.819, 5.748
-216.441, 94.819, 5.770
-216.108, 94.819, 5.790
-215.816, 94.820, 5.796
-215.519, 94.820, 5.795
-215.367, 94.820, 5.792
-215.217, 94.820, 5.788
-215.000, 94.821, 5.781
-214.801, 94.821, 5.773
-214.615, 94.821, 5.764
-214.195, 94.822, 5.743
-213.998, 94.822, 5.733
-213.848, 94.822, 5.724
-213.680, 94.822, 5.715
-213.482, 94.822, 5.702
-213.189, 94.823, 5.685
-212.882, 94.823, 5.665
-212.726, 94.823, 5.654
-212.570, 94.824, 5.642
-212.271, 94.824, 5.618
-212.122, 94.824, 5.607
-211.973, 94.824, 5.597
-211.824, 94.824, 5.586
-211.674, 94.825, 5.576
-211.384, 94.825, 5.557
-211.081, 94.825, 5.537
-210.930, 94.825, 5.535
-210.646, 94.826, 5.571
-210.370, 94.826, 5.660
-210.225, 94.826, 5.701
-209.925, 94.827, 5.763
-209.786, 94.827, 5.783
-209.646, 94.827, 5.799
-209.502, 94.827, 5.812
-209.351, 94.827, 5.821
-209.031, 94.828, 5.831
-208.705, 94.828, 5.831
-208.558, 94.828, 5.828
-208.276, 94.828, 5.820
-207.993, 94.829, 5.809
-207.832, 94.829, 5.801
-207.680, 94.829, 5.788
-207.373, 94.829, 5.675
-207.087, 94.830, 5.449
-206.814, 94.830, 5.121
-206.693, 94.830, 4.949
-206.457, 94.831, 4.563
-206.345, 94.831, 4.352
-206.235, 94.831, 4.128
-206.039, 94.831, 3.684
-205.862, 94.831, 3.220
-205.705, 94.831, 2.737
-205.577, 94.832, 2.271
-205.476, 94.832, 1.833
-205.365, 94.832, 1.197
-205.253, 94.832, 0.553
-205.145, 94.832, 1.330
-205.009, 94.832, 1.861
-204.854, 94.832, 2.274
-204.733, 94.832, 2.539
-204.598, 94.832, 2.801
-204.367, 94.833, 3.194
-204.205, 94.833, 3.443
-204.101, 94.833, 3.592
-203.805, 94.833, 3.986
-203.577, 94.834, 4.263
-203.464, 94.834, 4.393
-203.231, 94.834, 4.647
-203.107, 94.834, 4.777
-202.972, 94.835, 4.913
-202.848, 94.835, 5.035
-202.713, 94.835, 5.164
-202.446, 94.835, 5.407
-202.155, 94.836, 5.658
-202.003, 94.836, 5.783
-201.835, 94.836, 5.906
-201.694, 94.836, 5.993
-201.537, 94.836, 6.075
-201.210, 94.837, 6.193
-200.907, 94.837, 6.262
-200.578, 94.838, 6.305
-200.417, 94.838, 6.320
-200.247, 94.838, 6.332
-199.920, 94.838, 6.346
-199.593, 94.839, 6.348
-199.445, 94.839, 6.345
-199.286, 94.839, 6.339
-199.123, 94.839, 6.332
-198.812, 94.839, 6.313
-198.663, 94.840, 6.302
-198.507, 94.840, 6.290
-198.356, 94.840, 6.275
-198.199, 94.840, 6.261
-197.856, 94.841, 6.226
-197.560, 94.841, 6.197
-197.395, 94.841, 6.182
-197.224, 94.841, 6.168
-197.070, 94.841, 6.153
-196.757, 94.842, 6.122
-196.448, 94.842, 6.091
-196.307, 94.842, 6.077
-196.011, 94.842, 6.049
-195.856, 94.843, 6.035
-195.713, 94.843, 6.021
-195.546, 94.843, 6.005
-195.264, 94.843, 5.979
-195.126, 94.843, 5.967
-194.971, 94.844, 5.954
-194.810, 94.844, 5.940
-194.522, 94.844, 5.916
-194.226, 94.844, 5.891
-194.085, 94.845, 5.879
-193.929, 94.845, 5.867
-193.621, 94.845, 5.843
-193.328, 94.846, 5.821
-193.058, 94.846, 5.801
-192.916, 94.846, 5.791
-192.651, 94.846, 5.771
-192.374, 94.847, 5.752
-192.244, 94.847, 5.743
-191.965, 94.847, 5.725
-191.694, 94.847, 5.707
-191.552, 94.848, 5.698
-191.278, 94.848, 5.681
-191.136, 94.848, 5.673
-190.994, 94.848, 5.664
-190.845, 94.848, 5.655
-190.566, 94.849, 5.639
-190.428, 94.849, 5.632
-190.286, 94.849, 5.624
-190.146, 94.849, 5.616
-189.886, 94.850, 5.602
-189.626, 94.850, 5.588
-189.368, 94.850, 5.575
-189.231, 94.850, 5.568
-188.957, 94.851, 5.555
-188.692, 94.851, 5.550
-188.547, 94.851, 5.561
-188.381, 94.851, 5.590
-188.083, 94.852, 5.633
-187.763, 94.852, 5.657
-187.613, 94.852, 5.662
-187.455, 94.852, 5.664
-187.142, 94.853, 5.657
-186.984, 94.853, 5.651
-186.829, 94.853, 5.644
-186.678, 94.853, 5.638
-186.524, 94.853, 5.631
-186.204, 94.854, 5.611
-185.884, 94.854, 5.587
-185.747, 94.854, 5.580
-185.465, 94.855, 5.573
-185.326, 94.855, 5.571
-185.190, 94.855, 5.568
-185.054, 94.855, 5.565
-184.771, 94.855, 5.557
-184.631, 94.856, 5.552
-184.494, 94.856, 5.547
-184.361, 94.856, 5.549
-184.216, 94.856, 5.561
-183.919, 94.856, 5.611
-183.660, 94.857, 5.650
-183.385, 94.857, 5.677
-183.238, 94.857, 5.687
-183.064, 94.857, 5.695
-182.794, 94.858, 5.699
-182.512, 94.858, 5.699
-182.231, 94.858, 5.694
-182.094, 94.858, 5.690
-181.815, 94.859, 5.681
-181.664, 94.859, 5.675
-181.528, 94.859, 5.670
-181.375, 94.859, 5.669
-181.100, 94.860, 5.669
-180.950, 94.860, 5.669
-180.656, 94.860, 5.662
-180.371, 94.861, 5.652
-180.101, 94.861, 5.636
-179.971, 94.861, 5.628
-179.690, 94.861, 5.610
-179.557, 94.862, 5.602
-179.403, 94.862, 5.592
-179.256, 94.862, 5.581
-179.105, 94.862, 5.570
-178.811, 94.862, 5.546
-178.514, 94.863, 5.532
-178.363, 94.863, 5.542
-178.080, 94.863, 5.609
-177.944, 94.863, 5.655
-177.802, 94.863, 5.697
-177.657, 94.864, 5.732
-177.507, 94.864, 5.761
-177.348, 94.864, 5.786
-176.958, 94.864, 5.823
-176.642, 94.865, 5.836
-176.505, 94.865, 5.839
-176.359, 94.865, 5.840
-176.203, 94.865, 5.839
-175.976, 94.865, 5.835
-175.734, 94.866, 5.826
-175.539, 94.866, 5.818
-175.362, 94.866, 5.810
-175.042, 94.867, 5.791
-174.728, 94.867, 5.766
-174.570, 94.867, 5.755
-174.401, 94.867, 5.740
-174.239, 94.867, 5.724
-173.889, 94.868, 5.681
-173.580, 94.868, 5.657
-173.436, 94.868, 5.648
-173.296, 94.869, 5.642
-172.973, 94.869, 5.622
-172.816, 94.869, 5.610
-172.668, 94.869, 5.600
-172.515, 94.869, 5.591
-172.238, 94.870, 5.579
-171.952, 94.870, 5.567
-171.805, 94.870, 5.561
-171.508, 94.871, 5.547
-171.378, 94.871, 5.546
-171.231, 94.871, 5.559
-171.089, 94.871, 5.585
-170.803, 94.871, 5.639
-170.660, 94.872, 5.660
-170.488, 94.872, 5.679
-170.345, 94.872, 5.689
-170.168, 94.872, 5.697
-169.866, 94.873, 5.698
-169.572, 94.873, 5.697
-169.428, 94.873, 5.695
-169.144, 94.873, 5.690
-168.853, 94.874, 5.683
-168.715, 94.874, 5.679
-168.434, 94.874, 5.669
-168.163, 94.874, 5.658
-168.028, 94.875, 5.653
-167.727, 94.875, 5.639
-167.591, 94.875, 5.632
-167.438, 94.875, 5.623
-167.287, 94.875, 5.613
-167.151, 94.876, 5.605
-166.818, 94.876, 5.588
-166.650, 94.876, 5.580
-166.492, 94.876, 5.568
-166.341, 94.876, 5.555
-166.185, 94.877, 5.543
-165.995, 94.877, 5.545
-165.684, 94.877, 5.603
-165.516, 94.877, 5.640
-165.354, 94.878, 5.665
-165.170, 94.878, 5.681
-165.020, 94.878, 5.687
-164.720, 94.878, 5.708
-164.430, 94.879, 5.724
-164.282, 94.879, 5.729
-164.136, 94.879, 5.733
-163.990, 94.879, 5.734
-163.703, 94.880, 5.733
-163.403, 94.880, 5.728
-163.260, 94.880, 5.724
-162.987, 94.880, 5.715
-162.689, 94.881, 5.702
-162.556, 94.881, 5.696
-162.276, 94.881, 5.683
-162.129, 94.881, 5.676
-161.967, 94.881, 5.667
-161.817, 94.882, 5.656
-161.541, 94.882, 5.639
-161.399, 94.882, 5.632
-161.259, 94.882, 5.624
-161.126, 94.882, 5.617
-160.959, 94.883, 5.608
-160.634, 94.883, 5.580
-160.476, 94.883, 5.561
-160.336, 94.883, 5.550
-160.203, 94.884, 5.544
-159.931, 94.884, 5.557
-159.638, 94.884, 5.607
-159.494, 94.884, 5.629
-159.323, 94.885, 5.648
-159.037, 94.885, 5.665
-158.860, 94.885, 5.671
-158.681, 94.885, 5.665
-158.510, 94.886, 5.651
-158.360, 94.886, 5.642
-158.004, 94.886, 5.617
-157.865, 94.886, 5.607
-157.729, 94.886, 5.608
-157.573, 94.887, 5.608
-157.288, 94.887, 5.605
-157.011, 94.887, 5.600
-156.879, 94.887, 5.598
-156.730, 94.888, 5.595
-156.445, 94.888, 5.586
-156.167, 94.888, 5.576
-155.886, 94.889, 5.564
-155.758, 94.889, 5.559
-155.486, 94.889, 5.549
-155.345, 94.889, 5.550
-155.192, 94.889, 5.561
-155.040, 94.889, 5.585
-154.773, 94.890, 5.632
-154.475, 94.890, 5.669
-154.347, 94.890, 5.679
-154.195, 94.890, 5.689
-153.905, 94.891, 5.699
-153.621, 94.891, 5.702
-153.341, 94.891, 5.698
-153.197, 94.892, 5.695
-152.922, 94.892, 5.687
-152.770, 94.892, 5.682
-152.612, 94.892, 5.675
-152.462, 94.892, 5.666
-152.180, 94.893, 5.651
-151.898, 94.893, 5.636
-151.755, 94.893, 5.629
-151.470, 94.893, 5.613
-151.331, 94.894, 5.606
-151.134, 94.894, 5.597
-150.953, 94.894, 5.587
-150.787, 94.894, 5.571
-150.468, 94.895, 5.530
-150.340, 94.895, 5.531
-150.186, 94.895, 5.545
-150.007, 94.895, 5.574
-149.808, 94.895, 5.630
-149.500, 94.896, 5.721
-149.196, 94.896, 5.781
-149.030, 94.896, 5.803
-148.825, 94.896, 5.822
-148.639, 94.897, 5.834
-148.321, 94.897, 5.840
-148.018, 94.897, 5.837
-147.843, 94.898, 5.833
-147.534, 94.898, 5.821
-147.393, 94.898, 5.814
-147.228, 94.898, 5.807
-147.070, 94.898, 5.797
-146.764, 94.899, 5.778
-146.624, 94.899, 5.770
-146.471, 94.899, 5.761
-146.314, 94.899, 5.752
-146.157, 94.899, 5.741
-145.829, 94.900, 5.706
-145.685, 94.900, 5.667
-145.520, 94.900, 5.590
-145.377, 94.900, 5.492
-145.242, 94.900, 5.377
-145.108, 94.901, 5.243
-144.991, 94.900, 4.927
-144.879, 94.900, 4.671
-144.770, 94.900, 4.421
-144.666, 94.900, 4.158
-144.469, 94.900, 3.583
-144.309, 94.902, 3.026
-144.171, 94.904, 2.430
-144.018, 94.906, 1.533
-143.918, 94.908, 0.136
-143.729, 94.912, 1.515
-143.624, 94.914, 1.866
-143.459, 94.918, 2.285
-143.341, 94.921, 2.533
-143.141, 94.932, 2.905
-142.998, 94.940, 3.145
-142.831, 94.950, 3.403
-142.568, 94.967, 3.774
-142.386, 94.980, 4.010
-142.090, 95.000, 4.363
-141.876, 95.016, 4.600
-141.752, 95.025, 4.731
-141.526, 95.042, 4.959
-141.271, 95.068, 5.190
-141.148, 95.082, 5.302
-140.861, 95.119, 5.557
-140.601, 95.154, 5.777
-140.474, 95.172, 5.876
-140.209, 95.211, 6.046
-139.915, 95.257, 6.183
-139.768, 95.282, 6.227
-139.495, 95.336, 6.287
-139.208, 95.397, 6.337
-138.912, 95.466, 6.370
-138.769, 95.501, 6.379
-138.595, 95.544, 6.387
-138.445, 95.582, 6.389
-138.151, 95.662, 6.378
-137.866, 95.749, 6.352
-137.715, 95.798, 6.342
-137.426, 95.897, 6.323
-137.141, 96.000, 6.303
-137.015, 96.047, 6.293
-136.740, 96.152, 6.269
-136.476, 96.263, 6.219
-136.222, 96.380, 6.181
-136.106, 96.437, 6.169
-135.982, 96.499, 6.156
-135.865, 96.558, 6.145
-135.627, 96.684, 6.122
-135.401, 96.812, 6.071
-135.174, 96.954, 6.029
-134.962, 97.095, 6.005
-134.720, 97.265, 5.983
-134.616, 97.341, 5.974
-134.396, 97.508, 5.942
-134.201, 97.671, 5.887
-134.014, 97.840, 5.860
-133.830, 98.015, 5.844
-133.659, 98.187, 5.830
-133.570, 98.280, 5.823
-133.381, 98.482, 5.808
-133.219, 98.664, 5.795
-133.077, 98.832, 5.756
-132.940, 99.010, 5.712
-132.814, 99.186, 5.693
-132.703, 99.351, 5.682
-132.585, 99.533, 5.673
-132.442, 99.765, 5.662
-132.312, 99.990, 5.652
-132.244, 100.108, 5.656
-132.106, 100.327, 5.630
-131.961, 100.548, 5.614
-131.835, 100.758, 5.580
-131.712, 100.990, 5.524
-131.656, 101.110, 5.498
-131.563, 101.336, 5.496
-131.475, 101.587, 5.585
-131.400, 101.826, 5.710
-131.342, 102.033, 5.834
-131.289, 102.232, 5.939
-131.241, 102.428, 6.018
-131.173, 102.735, 6.107
-131.129, 102.958, 6.152
-131.109, 103.067, 6.168
-131.089, 103.181, 6.183
-131.055, 103.391, 6.202
-131.023, 103.610, 6.214
-130.995, 103.826, 6.218
-130.968, 104.040, 6.224
-130.932, 104.362, 6.219
-130.901, 104.674, 6.205
-130.874, 104.987, 6.186
-130.858, 105.200, 6.171
-130.845, 105.407, 6.156
-130.827, 105.712, 6.131
-130.817, 105.910, 6.116
-130.807, 106.109, 6.100
-130.798, 106.301, 6.084
-130.789, 106.506, 6.066
-130.778, 106.803, 6.039
-130.771, 107.015, 6.021
-130.768, 107.115, 6.012
-130.760, 107.407, 5.987
-130.756, 107.597, 5.970
-130.752, 107.790, 5.954
-130.746, 108.091, 5.929
-130.742, 108.282, 5.913
-130.739, 108.462, 5.899
-130.736, 108.663, 5.882
-130.732, 108.880, 5.865
-130.729, 109.179, 5.842
-130.726, 109.414, 5.824
-130.725, 109.546, 5.815
-130.722, 109.916, 5.788
-130.720, 110.113, 5.774
-130.718, 110.331, 5.759
-130.717, 110.474, 5.749
-130.715, 110.716, 5.733
-130.713, 110.960, 5.717
-130.711, 111.264, 5.697
-130.709, 111.469, 5.685
-130.708, 111.689, 5.671
-130.707, 111.877, 5.660
-130.706, 112.065, 5.649
-130.705, 112.253, 5.638
-130.703, 112.535, 5.622
-130.701, 112.902, 5.603
-130.700, 113.009, 5.597
-130.697, 113.448, 5.574
-130.696, 113.683, 5.563
-130.694, 113.960, 5.550
-130.693, 114.217, 5.558
-130.691, 114.438, 5.593
-130.690, 114.641, 5.621
-130.689, 114.843, 5.640
-130.687, 115.117, 5.656
-130.685, 115.453, 5.664
-130.684, 115.578, 5.664
-130.682, 115.797, 5.663
-130.681, 115.995, 5.659
-130.680, 116.188, 5.654
-130.678, 116.472, 5.645
-130.676, 116.672, 5.637
-130.675, 116.856, 5.630
-130.672, 117.212, 5.614
-130.671, 117.453, 5.603
-130.669, 117.679, 5.592
-130.667, 117.873, 5.583
-130.665, 118.160, 5.570
-130.664, 118.384, 5.559
-130.662, 118.594, 5.550
-130.660, 118.801, 5.551
-130.659, 118.927, 5.563
-130.658, 119.066, 5.589
-130.657, 119.194, 5.615
-130.655, 119.514, 5.662
-130.651, 119.961, 5.695
-130.649, 120.166, 5.702
-130.648, 120.354, 5.704
-130.646, 120.575, 5.703
-130.644, 120.835, 5.698
-130.642, 121.042, 5.693
-130.640, 121.256, 5.685
-130.638, 121.551, 5.674
-130.635, 121.835, 5.661
-130.633, 122.112, 5.648
-130.631, 122.326, 5.637
-130.629, 122.533, 5.627
-130.627, 122.786, 5.614
-130.625, 123.006, 5.603
-130.624, 123.190, 5.594
-130.621, 123.466, 5.580
-130.620, 123.647, 5.571
-130.618, 123.852, 5.562
-130.617, 123.964, 5.556
-130.615, 124.183, 5.546
-130.613, 124.404, 5.550
-130.610, 124.733, 5.608
-130.610, 124.836, 5.629
-130.608, 124.982, 5.654
-130.607, 125.114, 5.672
-130.605, 125.371, 5.696
-130.603, 125.592, 5.709
-130.601, 125.829, 5.716
-130.599, 126.054, 5.718
-130.597, 126.283, 5.716
-130.595, 126.530, 5.711
-130.593, 126.724, 5.705
-130.591, 126.987, 5.696
-130.588, 127.268, 5.684
-130.586, 127.542, 5.671
-130.583, 127.794, 5.659
-130.581, 128.045, 5.646
-130.579, 128.285, 5.634
-130.577, 128.541, 5.621
-130.575, 128.782, 5.608
-130.572, 129.054, 5.595
-130.571, 129.181, 5.588
-130.569, 129.419, 5.576
-130.567, 129.636, 5.566
-130.565, 129.888, 5.554
-130.562, 130.190, 5.550
-130.560, 130.408, 5.577
-130.559, 130.509, 5.595
-130.557, 130.784, 5.632
-130.555, 131.027, 5.653
-130.553, 131.251, 5.664
-130.551, 131.448, 5.669
-130.549, 131.633, 5.671
-130.547, 131.856, 5.670
-130.545, 132.087, 5.666
-130.543, 132.392, 5.642
-130.539, 132.792, 5.431
-130.537, 132.963, 5.267
-130.536, 133.149, 5.034
-130.534, 133.327, 4.769
-130.533, 133.483, 4.505
-130.531, 133.701, 4.083
-130.530, 133.899, 3.636
-130.531, 134.070, 3.188
-130.533, 134.257, 2.603
-130.535, 134.373, 2.167
-130.536, 134.500, 1.568
-130.538, 134.616, 0.417
-130.541, 134.767, 1.265
-130.547, 134.973, 1.947
-130.555, 135.107, 2.269
-130.565, 135.281, 2.624
-130.579, 135.497, 3.006
-130.588, 135.635, 3.228
-130.599, 135.799, 3.474
-130.611, 135.967, 3.708
-130.624, 136.142, 3.937
-130.638, 136.322, 4.158
-130.649, 136.458, 4.318
-130.668, 136.685, 4.568
-130.694, 136.908, 4.787
-130.726, 137.143, 5.020
-130.750, 137.307, 5.177
-130.788, 137.554, 5.405
-130.830, 137.811, 5.631
-130.876, 138.081, 5.850
-130.924, 138.345, 6.009
-131.003, 138.699, 6.134
-131.049, 138.882, 6.189
-131.124, 139.164, 6.253
-131.201, 139.432, 6.293
-131.283, 139.696, 6.300
-131.381, 139.964, 6.263
-131.486, 140.217, 6.248
-131.599, 140.463, 6.217
-131.728, 140.704, 6.141
-131.878, 140.950, 6.097
-131.986, 141.112, 6.083
-132.144, 141.333, 6.071
-132.326, 141.565, 6.038
-132.504, 141.773, 6.029
-132.620, 141.911, 6.043
-132.799, 142.132, 6.033
-132.982, 142.344, 5.986
-133.184, 142.549, 5.894
-133.407, 142.744, 5.770
-133.540, 142.843, 5.681
-133.757, 142.984, 5.581
-133.971, 143.103, 5.579
-134.276, 143.248, 5.690
-134.426, 143.311, 5.771
-134.665, 143.404, 5.913
-134.910, 143.489, 6.039
-135.273, 143.599, 6.166
-135.443, 143.644, 6.208
-135.711, 143.708, 6.254
-135.982, 143.763, 6.291
-136.172, 143.800, 6.312
-136.361, 143.834, 6.322
-136.546, 143.864, 6.325
-136.744, 143.893, 6.323
-137.038, 143.932, 6.313
-137.325, 143.962, 6.299
-137.672, 143.992, 6.274
-137.790, 144.001, 6.265
-137.900, 144.009, 6.261
-138.281, 144.034, 6.234
-138.485, 144.046, 6.216
-138.720, 144.057, 6.194
-138.842, 144.062, 6.183
-139.185, 144.074, 6.150
-139.478, 144.081, 6.122
-139.773, 144.085, 6.094
-139.959, 144.087, 6.078
-140.239, 144.091, 6.053
-140.522, 144.094, 6.026
-140.805, 144.095, 6.001
-141.109, 144.096, 5.973
-141.382, 144.095, 5.947
-141.641, 144.093, 5.921
-141.909, 144.092, 5.887
-142.175, 144.090, 5.855
-142.518, 144.088, 5.814
-142.692, 144.087, 5.795
-142.952, 144.084, 5.764
-143.122, 144.083, 5.746
-143.302, 144.081, 5.725
-143.467, 144.079, 5.705
-143.719, 144.076, 5.684
-143.974, 144.073, 5.659
-144.239, 144.071, 5.631
-144.501, 144.068, 5.592
-144.769, 144.065, 5.577
-145.020, 144.062, 5.585
-145.203, 144.060, 5.587
-145.475, 144.057, 5.586
-145.739, 144.054, 5.583
-146.011, 144.051, 5.576
-146.189, 144.050, 5.570
-146.470, 144.047, 5.561
-146.724, 144.044, 5.547
-146.990, 144.042, 5.549
-147.157, 144.040, 5.577
-147.418, 144.038, 5.634
-147.668, 144.035, 5.674
-147.921, 144.033, 5.700
-148.086, 144.032, 5.711
-148.256, 144.030, 5.718
-148.427, 144.029, 5.722
-148.695, 144.026, 5.723
-148.961, 144.024, 5.719
-149.212, 144.022, 5.712
-149.475, 144.020, 5.694
-149.741, 144.018, 5.679
-150.015, 144.016, 5.668
-150.189, 144.015, 5.655
-150.454, 144.013, 5.621
-150.718, 144.011, 5.592
-150.977, 144.009, 5.591
-151.242, 144.008, 5.586
-151.429, 144.006, 5.581
-151.686, 144.005, 5.574
-151.941, 144.003, 5.565
-152.186, 144.001, 5.554
-152.439, 144.000, 5.536
-152.701, 143.998, 5.557
-152.982, 143.997, 5.640
-153.158, 143.996, 5.682
-153.414, 143.994, 5.726
-153.739, 143.992, 5.760
-153.963, 143.991, 5.774
-154.067, 143.990, 5.777
-154.175, 143.989, 5.780
-154.392, 143.988, 5.782
-154.595, 143.987, 5.781
-154.866, 143.985, 5.775
-155.149, 143.983, 5.766
-155.448, 143.981, 5.753
-155.646, 143.979, 5.744
-155.869, 143.977, 5.732
-156.072, 143.973, 5.721
-156.348, 143.968, 5.706
-156.559, 143.964, 5.694
-156.680, 143.961, 5.687
-156.782, 143.959, 5.681
-156.901, 143.956, 5.675
-157.144, 143.950, 5.661
-157.445, 143.941, 5.642
-157.800, 143.926, 5.622
-157.971, 143.918, 5.613
-158.221, 143.906, 5.600
-158.409, 143.896, 5.591
-158.588, 143.886, 5.582
-158.768, 143.876, 5.573
-158.942, 143.866, 5.564
-159.215, 143.846, 5.547
-159.470, 143.825, 5.551
-159.726, 143.803, 5.597
-160.002, 143.777, 5.646
-160.186, 143.760, 5.669
-160.454, 143.733, 5.691
-160.736, 143.702, 5.698
-161.001, 143.668, 5.699
-161.272, 143.632, 5.694
-161.517, 143.597, 5.691
-161.781, 143.559, 5.682
-161.960, 143.532, 5.677
-162.221, 143.491, 5.667
-162.482, 143.446, 5.650
-162.736, 143.399, 5.638
-162.998, 143.349, 5.626
-163.195, 143.310, 5.612
-163.441, 143.259, 5.599
-163.708, 143.203, 5.582
-163.958, 143.147, 5.564
-164.152, 143.100, 5.553
-164.414, 143.035, 5.574
-164.670, 142.970, 5.641
-164.928, 142.901, 5.694
-165.185, 142.832, 5.729
-165.441, 142.760, 5.746
-165.705, 142.681, 5.753
-165.958, 142.602, 5.757
-166.139, 142.545, 5.755
-166.389, 142.463, 5.752
-166.636, 142.381, 5.742
-166.883, 142.297, 5.727
-167.138, 142.205, 5.686
-167.313, 142.139, 5.680
-167.556, 142.046, 5.673
-167.809, 141.947, 5.660
-168.063, 141.845, 5.651
-168.317, 141.741, 5.640
-168.480, 141.673, 5.629
-168.726, 141.565, 5.614
-168.974, 141.453, 5.602
-169.209, 141.344, 5.590
-169.444, 141.234, 5.576
-169.690, 141.116, 5.559
-169.912, 141.005, 5.555
-170.132, 140.892, 5.571
-170.358, 140.773, 5.616
-170.635, 140.624, 5.679
-170.792, 140.539, 5.721
-171.061, 140.389, 5.769
-171.295, 140.256, 5.791
-171.533, 140.115, 5.801
-171.693, 140.018, 5.802
-171.928, 139.873, 5.790
-172.163, 139.727, 5.756
-172.389, 139.582, 5.727
-172.543, 139.483, 5.707
-172.767, 139.333, 5.667
-172.989, 139.180, 5.659
-173.211, 139.024, 5.667
-173.421, 138.874, 5.668
-173.567, 138.769, 5.667
-173.778, 138.615, 5.658
-173.993, 138.451, 5.643
-174.133, 138.343, 5.637
-174.268, 138.236, 5.632
-174.401, 138.130, 5.626
-174.602, 137.968, 5.612
-174.880, 137.740, 5.596
-175.006, 137.635, 5.584
-175.197, 137.469, 5.561
-175.461, 137.235, 5.560
-175.587, 137.122, 5.587
-175.788, 136.938, 5.642
-175.915, 136.821, 5.672
-176.058, 136.688, 5.696
-176.188, 136.566, 5.713
-176.314, 136.445, 5.717
-176.504, 136.256, 5.725
-176.694, 136.064, 5.719
-176.835, 135.920, 5.719
-177.050, 135.697, 5.715
-177.188, 135.552, 5.710
-177.314, 135.418, 5.705
-177.396, 135.330, 5.700
-177.559, 135.150, 5.684
-177.717, 134.972, 5.673
-177.903, 134.758, 5.660
-178.062, 134.572, 5.648
-178.195, 134.414, 5.639
-178.322, 134.263, 5.629
-178.449, 134.109, 5.619
-178.639, 133.876, 5.601
-178.758, 133.724, 5.588
-178.886, 133.558, 5.578
-179.133, 133.231, 5.559
-179.313, 132.988, 5.569
-179.372, 132.906, 5.584
-179.500, 132.730, 5.621
-179.613, 132.573, 5.646
-179.731, 132.403, 5.658
-179.848, 132.230, 5.668
-179.967, 132.051, 5.675
-180.091, 131.862, 5.678
-180.225, 131.655, 5.677
-180.351, 131.456, 5.674
-180.473, 131.262, 5.668
-180.543, 131.150, 5.664
-180.641, 130.992, 5.657
-180.710, 130.876, 5.647
-180.785, 130.748, 5.639
-180.931, 130.494, 5.626
-181.044, 130.292, 5.616
-181.158, 130.087, 5.606
-181.258, 129.903, 5.596
-181.366, 129.701, 5.586
-181.472, 129.501, 5.571
-181.581, 129.284, 5.558
-181.682, 129.078, 5.564
-181.780, 128.875, 5.605
-181.877, 128.670, 5.658
-181.977, 128.455, 5.700
-182.067, 128.260, 5.726
-182.135, 128.109, 5.740
-182.197, 127.970, 5.749
-182.254, 127.839, 5.750
-182.346, 127.619, 5.753
-182.437, 127.397, 5.752
-182.525, 127.177, 5.749
-182.609, 126.962, 5.744
-182.694, 126.740, 5.736
-182.778, 126.517, 5.726
-182.832, 126.370, 5.719
-182.886, 126.218, 5.706
-182.934, 126.078, 5.698
-183.021, 125.817, 5.683
-183.061, 125.696, 5.677
-183.104, 125.563, 5.670
-183.152, 125.411, 5.662
-183.201, 125.255, 5.654
-183.294, 124.948, 5.637
-183.381, 124.648, 5.612
-183.419, 124.512, 5.602
-183.459, 124.360, 5.590
-183.537, 124.058, 5.564
-183.599, 123.808, 5.560
-183.660, 123.553, 5.592
-183.696, 123.402, 5.614
-183.760, 123.117, 5.637
-183.809, 122.881, 5.649
-183.852, 122.660, 5.657
-183.894, 122.435, 5.661
-183.934, 122.215, 5.661
-183.974, 121.991, 5.658
-184.011, 121.767, 5.653
-184.052, 121.515, 5.645
-184.085, 121.295, 5.632
-184.114, 121.081, 5.622
-184.143, 120.856, 5.613
-184.158, 120.733, 5.608
-184.185, 120.502, 5.598
-184.210, 120.273, 5.588
-184.233, 120.050, 5.578
-184.258, 119.796, 5.566
-184.281, 119.553, 5.555
-184.300, 119.323, 5.562
-184.317, 119.105, 5.601
-184.332, 118.894, 5.653
-184.348, 118.669, 5.696
-184.362, 118.449, 5.724
-184.375, 118.221, 5.744
-184.389, 117.988, 5.756
-184.400, 117.768, 5.762
-184.411, 117.544, 5.762
-184.422, 117.297, 5.759
-184.432, 117.057, 5.753
-184.441, 116.833, 5.746
-184.449, 116.598, 5.736
-184.458, 116.338, 5.724
-184.465, 116.110, 5.713
-184.472, 115.858, 5.700
-184.475, 115.733, 5.693
-184.481, 115.504, 5.681
-184.486, 115.269, 5.668
-184.492, 114.998, 5.653
-184.497, 114.735, 5.639
-184.499, 114.616, 5.633
-184.503, 114.366, 5.619
-184.507, 114.094, 5.605
-184.510, 113.851, 5.592
-184.513, 113.617, 5.580
-184.515, 113.475, 5.573
-184.517, 113.217, 5.561
-184.520, 112.982, 5.550
-184.521, 112.840, 5.549
-184.522, 112.703, 5.560
-184.524, 112.542, 5.586
-184.525, 112.361, 5.615
-184.527, 112.021, 5.650
-184.529, 111.758, 5.664
-184.529, 111.645, 5.668
-184.530, 111.511, 5.671
-184.531, 111.352, 5.672
-184.532, 111.198, 5.671
-184.533, 111.002, 5.668
-184.534, 110.670, 5.660
-184.535, 110.388, 5.650
-184.535, 110.249, 5.644
-184.536, 110.076, 5.636
-184.536, 109.933, 5.627
-184.537, 109.793, 5.618
-184.537, 109.492, 5.601
-184.538, 109.172, 5.573
-184.538, 108.992, 5.548
-184.539, 108.827, 5.523
-184.539, 108.558, 5.533
-184.540, 108.237, 5.622
-184.540, 108.090, 5.666
-184.540, 107.801, 5.738
-184.540, 107.639, 5.767
-184.541, 107.444, 5.794
-184.541, 107.291, 5.804
-184.541, 107.003, 5.735
-184.541, 106.769, 5.586
-184.541, 106.651, 5.480
-184.542, 106.513, 5.330
-184.542, 106.372, 5.146
-184.542, 106.256, 4.981
-184.542, 105.980, 4.523
-184.542, 105.761, 4.093
-184.542, 105.604, 3.742
-184.542, 105.465, 3.392
-184.543, 105.328, 3.003
-184.543, 105.156, 2.432
-184.543, 104.985, 1.693
-184.543, 104.867, 0.932
-184.543, 104.755, 0.899
-184.543, 104.618, 1.542
-184.543, 104.457, 2.006
-184.543, 104.355, 2.243
-184.543, 104.230, 2.505
-184.543, 104.076, 2.793
-184.543, 103.929, 3.043
-184.543, 103.789, 3.264
-184.543, 103.645, 3.480
-184.543, 103.402, 3.813
-184.543, 103.230, 4.033
-184.543, 103.051, 4.248
-184.543, 102.827, 4.501
-184.543, 102.673, 4.666
-184.543, 102.443, 4.902
-184.543, 102.213, 5.125
-184.543, 101.941, 5.374
-184.543, 101.780, 5.516
-184.543, 101.489, 5.761
-184.543, 101.209, 5.958
-184.544, 101.069, 6.037
-184.544, 100.939, 6.100
-184.544, 100.551, 6.238
-184.544, 100.356, 6.285
-184.544, 100.141, 6.325
-184.544, 99.919, 6.352
-184.544, 99.624, 6.372
-184.544, 99.261, 6.379
-184.544, 99.105, 6.377
-184.544, 98.800, 6.366
-184.544, 98.533, 6.352
-184.544, 98.237, 6.332
-184.544, 98.079, 6.320
-184.544, 97.891, 6.305
-184.544, 97.560, 6.275
-184.544, 97.289, 6.251
-184.544, 97.161, 6.239
-184.544, 96.984, 6.222
-184.544, 96.789, 6.203
-184.545, 96.604, 6.185
-184.545, 96.419, 6.166
-184.545, 96.044, 6.130
-184.545, 95.882, 6.115
-184.545, 95.703, 6.097
-184.545, 95.515, 6.080
-184.545, 95.349, 6.064
-184.545, 95.030, 6.034
-184.545, 94.766, 6.010
-184.545, 94.643, 5.999
-184.545, 94.429, 5.980
-184.545, 94.266, 5.966
-184.545, 93.984, 5.942
-184.545, 93.848, 5.930
-184.545, 93.697, 5.918
-184.545, 93.542, 5.905
-184.545, 93.267, 5.883
-184.545, 92.981, 5.860
-184.545, 92.829, 5.848
-184.546, 92.589, 5.830
-184.546, 92.299, 5.809
-184.546, 92.041, 5.790
-184.546, 91.903, 5.780
-184.546, 91.621, 5.761
-184.546, 91.325, 5.741
-184.546, 91.198, 5.732
-184.546, 90.950, 5.716
-184.546, 90.711, 5.701
-184.546, 90.556, 5.691
-184.546, 90.398, 5.682
-184.546, 90.247, 5.672
-184.546, 90.103, 5.664
-184.546, 89.789, 5.646
-184.546, 89.614, 5.636
-184.546, 89.454, 5.627
-184.546, 89.300, 5.618
-184.546, 89.148, 5.610
-184.547, 88.845, 5.594
-184.547, 88.562, 5.580
-184.547, 88.278, 5.566
-184.547, 88.146, 5.559
-184.547, 87.901, 5.548
-184.547, 87.661, 5.556
-184.547, 87.474, 5.588
-184.547, 87.293, 5.639
-184.547, 87.012, 5.710
-184.547, 86.760, 5.750
-184.548, 86.507, 5.776
-184.548, 86.387, 5.785
-184.548, 86.163, 5.797
-184.548, 85.987, 5.802
-184.547, 85.837, 5.804
-184.547, 85.515, 5.800
-184.547, 85.325, 5.794
-184.547, 85.142, 5.788
-184.547, 84.995, 5.783
-184.548, 84.727, 5.772
-184.548, 84.599, 5.767
-184.548, 84.424, 5.759
-184.548, 84.251, 5.750
-184.548, 84.081, 5.741
-184.548, 83.746, 5.720
-184.549, 83.453, 5.701
-184.549, 83.317, 5.693
-184.549, 83.051, 5.679
-184.549, 82.870, 5.668
-184.549, 82.709, 5.655
-184.549, 82.572, 5.643
-184.548, 82.340, 5.632
-184.548, 82.096, 5.623
-184.549, 81.929, 5.615
-184.549, 81.764, 5.608
-184.549, 81.616, 5.600
-184.549, 81.335, 5.577
-184.549, 81.092, 5.559
-184.549, 80.861, 5.549
-184.549, 80.703, 5.550
-184.549, 80.418, 5.586
-184.549, 80.277, 5.617
-184.549, 80.099, 5.647
-184.549, 79.944, 5.667
-184.549, 79.672, 5.692
-184.549, 79.411, 5.706
-184.549, 79.276, 5.710
-184.549, 79.117, 5.714
-184.549, 78.977, 5.714
-184.549, 78.726, 5.713
-184.549, 78.471, 5.706
-184.550, 78.217, 5.697
-184.550, 78.103, 5.693
-184.550, 77.948, 5.688
-184.550, 77.766, 5.681
-184.550, 77.604, 5.673
-184.550, 77.315, 5.659
-184.550, 77.037, 5.644
-184.550, 76.784, 5.631
-184.550, 76.534, 5.618
-184.550, 76.411, 5.612
-184.550, 76.142, 5.598
-184.550, 75.829, 5.582
-184.550, 75.695, 5.575
-184.550, 75.544, 5.567
-184.550, 75.248, 5.548
-184.550, 74.936, 5.529
-184.550, 74.783, 5.538
-184.550, 74.603, 5.561
-184.551, 74.277, 5.610
-184.551, 74.138, 5.654
-184.551, 74.012, 5.692
-184.551, 73.894, 5.723
-184.551, 73.656, 5.771
-184.551, 73.323, 5.813
-184.551, 73.081, 5.831
-184.551, 72.963, 5.836
-184.551, 72.728, 5.842
-184.551, 72.490, 5.842
-184.551, 72.230, 5.838
-184.551, 72.064, 5.833
-184.551, 71.920, 5.828
-184.551, 71.757, 5.822
-184.551, 71.570, 5.813
-184.551, 71.252, 5.797
-184.551, 70.968, 5.781
-184.551, 70.844, 5.774
-184.551, 70.721, 5.766
-184.552, 70.591, 5.759
-184.552, 70.351, 5.744
-184.552, 70.101, 5.729
-184.552, 69.873, 5.715
-184.552, 69.642, 5.701
-184.552, 69.414, 5.687
-184.552, 69.171, 5.673
-184.552, 68.947, 5.660
-184.552, 68.698, 5.646
-184.552, 68.457, 5.632
-184.552, 68.200, 5.618
-184.552, 68.084, 5.612
-184.552, 67.850, 5.599
-184.552, 67.620, 5.587
-184.553, 67.351, 5.574
-184.553, 67.095, 5.561
-184.553, 66.983, 5.555
-184.553, 66.754, 5.549
-184.553, 66.511, 5.572
-184.553, 66.264, 5.629
-184.553, 66.018, 5.678
-184.553, 65.799, 5.709
-184.553, 65.531, 5.733
-184.553, 65.291, 5.745
-184.553, 65.063, 5.750
-184.553, 64.841, 5.750
-184.553, 64.620, 5.748
-184.554, 64.393, 5.742
-184.554, 64.158, 5.735
-184.554, 63.935, 5.726
-184.554, 63.713, 5.716
-184.554, 63.484, 5.705
-184.554, 63.256, 5.693
-184.554, 63.027, 5.681
-184.554, 62.804, 5.669
-184.554, 62.595, 5.658
-184.554, 62.378, 5.646
-184.554, 62.147, 5.634
-184.554, 61.929, 5.622
-184.554, 61.698, 5.610
-184.555, 61.474, 5.599
-184.555, 61.253, 5.587
-184.555, 61.023, 5.576
-184.555, 60.790, 5.564
-184.555, 60.562, 5.553
-184.555, 60.344, 5.547
-184.555, 60.114, 5.565
-184.555, 59.864, 5.618
-184.555, 59.650, 5.658
-184.555, 59.435, 5.685
-184.555, 59.216, 5.705
-184.555, 59.002, 5.716
-184.555, 58.795, 5.722
-184.555, 58.572, 5.724
-184.555, 58.355, 5.723
-184.555, 58.142, 5.718
-184.555, 57.922, 5.712
-184.556, 57.682, 5.704
-184.556, 57.464, 5.695
-184.556, 57.221, 5.684
-184.556, 56.994, 5.673
-184.556, 56.761, 5.661
-184.556, 56.530, 5.649
-184.556, 56.275, 5.636
-184.556, 56.055, 5.625
-184.556, 55.845, 5.614
-184.556, 55.611, 5.602
-184.556, 55.384, 5.590
-184.556, 55.153, 5.579
-184.556, 54.928, 5.568
-184.556, 54.694, 5.556
-184.556, 54.493, 5.547
-184.557, 54.287, 5.549
-184.557, 54.073, 5.577
-184.557, 53.851, 5.618
-184.557, 53.628, 5.648
-184.557, 53.408, 5.667
-184.557, 53.181, 5.680
-184.557, 52.850, 5.688
-184.557, 52.625, 5.688
-184.557, 52.407, 5.685
-184.557, 52.184, 5.680
-184.557, 51.979, 5.674
-184.557, 51.771, 5.666
-184.557, 51.553, 5.657
-184.557, 51.344, 5.648
-184.557, 51.116, 5.638
-184.557, 50.898, 5.627
-184.558, 50.675, 5.617
-184.558, 50.458, 5.606
-184.558, 50.236, 5.595
-184.558, 50.010, 5.584
-184.558, 49.691, 5.569
-184.558, 49.488, 5.559
-184.558, 49.279, 5.550
-184.558, 49.170, 5.548
-184.558, 48.952, 5.564
-184.558, 48.504, 5.649
-184.558, 48.276, 5.677
-184.558, 48.048, 5.695
-184.558, 47.716, 5.709
-184.558, 47.488, 5.712
-184.558, 47.385, 5.712
-184.558, 47.274, 5.711
-184.558, 47.155, 5.709
-184.559, 46.831, 5.701
-184.559, 46.617, 5.694
-184.559, 46.508, 5.690
-184.559, 46.398, 5.685
-184.559, 46.289, 5.681
-184.559, 46.064, 5.671
-184.559, 45.742, 5.655
-184.559, 45.414, 5.639
-184.559, 45.309, 5.633
-184.559, 45.208, 5.628
-184.559, 44.929, 5.614
-184.559, 44.661, 5.601
-184.559, 44.536, 5.594
-184.559, 44.311, 5.583
-184.559, 44.035, 5.569
-184.559, 43.890, 5.562
-184.559, 43.728, 5.555
-184.559, 43.591, 5.549
-184.559, 43.322, 5.561
-184.560, 43.084, 5.604
-184.560, 42.866, 5.636
-184.560, 42.622, 5.661
-184.560, 42.397, 5.675
-184.560, 42.139, 5.684
-184.560, 42.017, 5.686
-184.560, 41.747, 5.685
-184.560, 41.526, 5.682
-184.560, 41.306, 5.677
-184.560, 41.075, 5.669
-184.560, 40.836, 5.660
-184.560, 40.610, 5.651
-184.560, 40.443, 5.643
-184.560, 40.109, 5.628
-184.560, 39.882, 5.617
-184.560, 39.776, 5.611
-184.560, 39.669, 5.606
-184.561, 39.556, 5.601
-184.561, 39.323, 5.589
-184.561, 39.060, 5.577
-184.561, 38.759, 5.562
-184.561, 38.635, 5.556
-184.561, 38.388, 5.545
-184.561, 38.149, 5.551
-184.561, 37.892, 5.598
-184.561, 37.744, 5.634
-184.561, 37.592, 5.665
-184.561, 37.468, 5.685
-184.561, 37.238, 5.713
-184.561, 37.004, 5.731
-184.561, 36.773, 5.741
-184.561, 36.533, 5.746
-184.562, 36.265, 5.745
-184.562, 36.018, 5.740
-184.562, 35.778, 5.733
-184.562, 35.551, 5.725
-184.562, 35.323, 5.715
-184.562, 35.097, 5.705
-184.562, 34.873, 5.694
-184.562, 34.639, 5.682
-184.562, 34.416, 5.670
-184.562, 34.154, 5.656
-184.562, 34.008, 5.648
-184.562, 33.856, 5.640
-184.562, 33.540, 5.623
-184.562, 33.375, 5.614
-184.562, 33.217, 5.606
-184.562, 33.083, 5.599
-184.562, 32.817, 5.586
-184.563, 32.580, 5.574
-184.563, 32.439, 5.567
-184.563, 32.313, 5.561
-184.563, 32.169, 5.554
-184.563, 31.937, 5.548
-184.563, 31.698, 5.570
-184.563, 31.442, 5.630
-184.563, 31.208, 5.676
-184.563, 30.960, 5.709
-184.563, 30.832, 5.721
-184.563, 30.584, 5.737
-184.563, 30.344, 5.745
-184.563, 30.098, 5.748
-184.563, 29.834, 5.745
-184.563, 29.569, 5.739
-184.563, 29.431, 5.735
-184.564, 29.180, 5.725
-184.564, 28.935, 5.714
-184.564, 28.711, 5.704
-184.564, 28.479, 5.692
-184.564, 28.258, 5.681
-184.564, 28.022, 5.668
-184.564, 27.812, 5.657
-184.564, 27.591, 5.645
-184.564, 27.372, 5.633
-184.564, 27.133, 5.621
-184.564, 26.909, 5.609
-184.564, 26.668, 5.596
-184.564, 26.450, 5.585
-184.564, 26.235, 5.574
-184.564, 25.995, 5.563
-184.564, 25.761, 5.551
-184.564, 25.516, 5.546
-184.565, 25.293, 5.568
-184.565, 25.056, 5.623
-184.565, 24.848, 5.666
-184.565, 24.609, 5.701
-184.565, 24.375, 5.723
-184.565, 24.153, 5.736
-184.565, 23.893, 5.744
-184.565, 23.777, 5.745
-184.565, 23.551, 5.745
-184.565, 23.312, 5.740
-184.565, 22.974, 5.730
-184.565, 22.756, 5.722
-184.565, 22.518, 5.712
-184.565, 22.284, 5.700
-184.565, 22.038, 5.688
-184.565, 21.823, 5.677
-184.565, 21.600, 5.665
-184.566, 21.478, 5.659
-184.566, 21.208, 5.644
-184.566, 20.986, 5.632
-184.566, 20.873, 5.626
-184.566, 20.699, 5.617
-184.566, 20.516, 5.608
-184.566, 20.265, 5.595
-184.566, 20.035, 5.583
-184.566, 19.881, 5.575
-184.566, 19.743, 5.568
-184.566, 19.601, 5.561
-184.566, 19.357, 5.550
-184.566, 19.129, 5.518
-184.566, 18.903, 5.414
-184.566, 18.686, 5.240
-184.566, 18.481, 5.004
-184.566, 18.286, 4.718
-184.566, 18.086, 4.375
-184.566, 17.915, 4.039
-184.566, 17.748, 3.668
-184.567, 17.536, 3.114
-184.567, 17.371, 2.597
-184.567, 17.229, 2.057
-184.567, 17.096, 1.389
-184.567, 16.996, 0.007
-184.567, 16.867, 1.201
-184.567, 16.753, 1.642
-184.567, 16.602, 2.059
-184.567, 16.412, 2.475
-184.567, 16.298, 2.695
-184.567, 16.109, 3.024
-184.567, 15.984, 3.223
-184.567, 15.823, 3.465
-184.567, 15.678, 3.670
-184.567, 15.517, 3.883
-184.567, 15.355, 4.086
-184.567, 15.171, 4.307
-184.567, 14.969, 4.535
-184.567, 14.854, 4.660
-184.567, 14.632, 4.890
-184.567, 14.423, 5.098
-184.567, 14.203, 5.304
-184.567, 13.966, 5.517
-184.567, 13.722, 5.726
-184.567, 13.488, 5.900
-184.567, 13.354, 5.983
-184.567, 13.099, 6.108
-184.568, 12.753, 6.227
-184.568, 12.501, 6.284
-184.568, 12.386, 6.304
-184.568, 12.268, 6.320
-184.568, 12.034, 6.345
-184.568, 11.781, 6.362
-184.568, 11.658, 6.365
-184.568, 11.498, 6.365
-184.568, 11.325, 6.362
-184.568, 11.137, 6.356
-184.568, 10.783, 6.338
-184.568, 10.489, 6.317
-184.568, 10.227, 6.297
-184.568, 9.975, 6.276
-184.568, 9.722, 6.253
-184.568, 9.468, 6.230
-184.569, 9.239, 6.209
-184.569, 8.989, 6.186
-184.569, 8.746, 6.162
-184.569, 8.560, 6.144
-184.569, 8.377, 6.126
-184.569, 8.213, 6.110
-184.569, 7.895, 6.080
-184.569, 7.739, 6.066
-184.569, 7.604, 6.053
-184.569, 7.471, 6.041
-184.569, 7.312, 6.026
-184.569, 6.967, 5.995
-184.569, 6.736, 5.975
-184.569, 6.505, 5.955
-184.569, 6.179, 5.927
-184.569, 5.961, 5.909
-184.569, 5.842, 5.899
-184.569, 5.735, 5.890
-184.570, 5.515, 5.872
-184.570, 5.300, 5.855
-184.570, 5.068, 5.837
-184.570, 4.849, 5.821
-184.570, 4.644, 5.805
-184.570, 4.432, 5.790
-184.570, 4.107, 5.767
-184.570, 3.875, 5.751
-184.570, 3.678, 5.737
-184.570, 3.475, 5.724
-184.570, 3.237, 5.708
-184.570, 3.006, 5.693
-184.571, 2.615, 5.669
-184.571, 2.408, 5.657
-184.571, 2.207, 5.645
-184.571, 2.053, 5.636
-184.571, 1.899, 5.627
-184.571, 1.764, 5.620
-184.571, 1.486, 5.604
-184.571, 1.220, 5.590
-184.571, 0.982, 5.578
-184.571, 0.849, 5.571
-184.571, 0.626, 5.560
-184.571, 0.403, 5.550
-184.571, 0.132, 5.560
-184.571, -0.149, 5.606
-184.571, -0.281, 5.624
-184.572, -0.526, 5.649
-184.572, -0.746, 5.662
-184.572, -0.982, 5.670
-184.572, -1.236, 5.673
-184.572, -1.481, 5.671
-184.572, -1.624, 5.669
-184.572, -1.927, 5.661
-184.572, -2.173, 5.652
-184.572, -2.401, 5.643
-184.572, -2.625, 5.633
-184.572, -2.861, 5.623
-184.572, -3.080, 5.612
-184.572, -3.335, 5.600
-184.573, -3.449, 5.595
-184.573, -3.758, 5.580
-184.573, -4.013, 5.568
-184.573, -4.120, 5.563
-184.573, -4.440, 5.548
-184.573, -4.635, 5.548
-184.573, -4.831, 5.571
-184.573, -5.220, 5.628
-184.573, -5.413, 5.645
-184.573, -5.713, 5.661
-184.573, -5.923, 5.666
-184.573, -6.037, 5.667
-184.573, -6.174, 5.667
-184.573, -6.381, 5.659
-184.573, -6.597, 5.651
-184.573, -6.799, 5.644
-184.573, -7.005, 5.637
-184.573, -7.211, 5.629
-184.573, -7.511, 5.611
-184.573, -7.779, 5.594
-184.574, -8.000, 5.581
-184.574, -8.213, 5.571
-184.574, -8.439, 5.562
-184.574, -8.654, 5.554
-184.574, -8.867, 5.549
-184.574, -9.102, 5.569
-184.574, -9.242, 5.598
-184.574, -9.502, 5.649
-184.574, -9.744, 5.686
-184.574, -9.964, 5.707
-184.574, -10.180, 5.720
-184.574, -10.449, 5.726
-184.574, -10.709, 5.727
-184.574, -10.920, 5.724
-184.575, -11.133, 5.720
-184.575, -11.350, 5.713
-184.575, -11.553, 5.706
-184.575, -11.777, 5.696
-184.575, -12.090, 5.681
-184.575, -12.386, 5.666
-184.575, -12.488, 5.661
-184.575, -12.595, 5.655
-184.575, -12.925, 5.638
-184.575, -13.307, 5.618
-184.575, -13.507, 5.607
-184.575, -13.728, 5.596
-184.575, -13.923, 5.586
-184.575, -14.122, 5.576
-184.575, -14.319, 5.566
-184.575, -14.606, 5.553
-184.575, -14.802, 5.546
-184.575, -14.913, 5.549
-184.576, -15.240, 5.598
-184.576, -15.430, 5.627
-184.576, -15.625, 5.649
-184.576, -15.827, 5.665
-184.576, -16.147, 5.678
-184.576, -16.357, 5.681
-184.576, -16.577, 5.681
-184.576, -16.906, 5.675
-184.576, -17.149, 5.668
-184.576, -17.444, 5.658
-184.576, -17.637, 5.650
-184.576, -18.046, 5.632
-184.576, -18.267, 5.621
-184.576, -18.460, 5.612
-184.577, -18.653, 5.603
-184.577, -18.944, 5.589
-184.577, -19.150, 5.579
-184.577, -19.271, 5.573
-184.577, -19.382, 5.567
-184.577, -19.577, 5.558
-184.577, -19.780, 5.549
-184.577, -20.001, 5.551
-184.577, -20.194, 5.576
-184.577, -20.510, 5.632
-184.577, -20.723, 5.657
-184.577, -20.923, 5.673
-184.577, -21.108, 5.682
-184.577, -21.300, 5.688
-184.577, -21.586, 5.690
-184.577, -21.872, 5.687
-184.577, -22.176, 5.679
-184.578, -22.379, 5.673
-184.578, -22.572, 5.665
-184.578, -22.857, 5.653
-184.578, -23.061, 5.644
-184.578, -23.271, 5.634
-184.578, -23.470, 5.624
-184.578, -23.678, 5.614
-184.578, -23.898, 5.604
-184.578, -24.092, 5.594
-184.578, -24.369, 5.580
-184.578, -24.648, 5.567
-184.578, -24.952, 5.553
-184.578, -25.142, 5.546
-184.578, -25.325, 5.554
-184.578, -25.602, 5.609
-184.578, -25.791, 5.651
-184.579, -25.981, 5.683
-184.579, -26.185, 5.707
-184.579, -26.377, 5.723
-184.579, -26.573, 5.734
-184.579, -26.802, 5.740
-184.579, -27.112, 5.741
-184.579, -27.413, 5.736
-184.579, -27.513, 5.733
-184.579, -27.704, 5.727
-184.579, -27.905, 5.719
-184.579, -28.191, 5.707
-184.579, -28.420, 5.696
-184.579, -28.564, 5.689
-184.579, -28.806, 5.677
-184.579, -29.139, 5.659
-184.579, -29.337, 5.649
-184.580, -29.540, 5.638
-184.580, -29.744, 5.627
-184.580, -29.975, 5.615
-184.580, -30.193, 5.604
-184.580, -30.417, 5.592
-184.580, -30.634, 5.581
-184.580, -31.057, 5.560
-184.580, -31.247, 5.551
-184.580, -31.743, 5.571
-184.580, -32.058, 5.623
-184.580, -32.357, 5.653
-184.580, -32.550, 5.665
-184.581, -32.747, 5.672
-184.581, -33.042, 5.676
-184.581, -33.281, 5.675
-184.581, -33.411, 5.673
-184.581, -33.702, 5.665
-184.581, -33.960, 5.657
-184.581, -34.186, 5.648
-184.581, -34.395, 5.639
-184.581, -34.595, 5.630
-184.581, -34.887, 5.617
-184.581, -35.171, 5.603
-184.581, -35.417, 5.591
-184.581, -35.672, 5.579
-184.581, -35.978, 5.565
-184.581, -36.170, 5.555
-184.581, -36.384, 5.549
-184.581, -36.623, 5.569
-184.582, -36.814, 5.610
-184.582, -37.010, 5.652
-184.582, -37.234, 5.686
-184.582, -37.473, 5.710
-184.582, -37.609, 5.719
-184.582, -37.792, 5.728
-184.582, -37.922, 5.732
-184.582, -38.138, 5.734
-184.582, -38.483, 5.731
-184.582, -38.780, 5.723
-184.582, -39.073, 5.713
-184.582, -39.272, 5.705
-184.582, -39.487, 5.695
-184.582, -39.684, 5.685
-184.582, -39.905, 5.674
-184.582, -40.142, 5.662
-184.583, -40.419, 5.648
-184.583, -40.552, 5.641
-184.583, -40.864, 5.624
-184.583, -40.985, 5.618
-184.583, -41.117, 5.611
-184.583, -41.369, 5.598
-184.583, -41.590, 5.587
-184.583, -41.784, 5.577
-184.583, -41.969, 5.568
-184.583, -42.247, 5.555
-184.583, -42.480, 5.549
-184.583, -42.712, 5.570
-184.583, -42.920, 5.617
-184.583, -43.112, 5.659
-184.583, -43.304, 5.691
-184.584, -43.508, 5.715
-184.584, -43.858, 5.739
-184.584, -44.056, 5.745
-184.584, -44.270, 5.748
-184.584, -44.372, 5.747
-184.584, -44.691, 5.743
-184.584, -44.905, 5.737
-184.584, -45.137, 5.729
-184.584, -45.527, 5.712
-184.584, -45.735, 5.702
-184.584, -46.040, 5.687
-184.584, -46.331, 5.671
-184.584, -46.524, 5.661
-184.584, -46.838, 5.644
-184.584, -47.144, 5.628
-184.585, -47.451, 5.612
-184.585, -47.638, 5.602
-184.585, -47.915, 5.588
-184.585, -48.193, 5.574
-184.585, -48.472, 5.560
-184.585, -48.683, 5.550
-184.585, -48.872, 5.552
-184.585, -49.139, 5.587
-184.585, -49.317, 5.613
-184.585, -49.455, 5.629
-184.585, -49.572, 5.639
-184.585, -49.686, 5.647
-184.585, -49.964, 5.659
-184.585, -50.176, 5.663
-184.585, -50.393, 5.663
-184.585, -50.687, 5.659
-184.585, -50.925, 5.653
-184.586, -51.116, 5.647
-184.586, -51.228, 5.643
-184.586, -51.455, 5.634
-184.586, -51.713, 5.624
-184.586, -51.937, 5.614
-184.586, -52.180, 5.602
-184.586, -52.423, 5.591
-184.586, -52.634, 5.581
-184.586, -52.855, 5.571
-184.586, -53.070, 5.561
-184.586, -53.289, 5.551
-184.586, -53.505, 5.545
-184.586, -53.693, 5.557
-184.586, -53.927, 5.598
-184.586, -54.181, 5.634
-184.586, -54.394, 5.654
-184.587, -54.617, 5.667
-184.587, -54.869, 5.675
-184.587, -55.158, 5.677
-184.587, -55.356, 5.675
-184.587, -55.549, 5.671
-184.587, -55.738, 5.666
-184.587, -55.954, 5.659
-184.587, -56.174, 5.651
-184.587, -56.371, 5.643
-184.587, -56.656, 5.630
-184.587, -56.847, 5.621
-184.587, -57.031, 5.612
-184.587, -57.234, 5.603
-184.587, -57.459, 5.592
-184.587, -57.588, 5.586
-184.587, -57.871, 5.572
-184.587, -58.131, 5.560
-184.588, -58.351, 5.550
-184.588, -58.570, 5.552
-184.588, -58.773, 5.579
-184.588, -58.978, 5.617
-184.588, -59.197, 5.646
-184.588, -59.506, 5.673
-184.588, -59.763, 5.684
-184.588, -59.870, 5.686
-184.588, -60.173, 5.688
-184.588, -60.404, 5.686
-184.588, -60.604, 5.681
-184.588, -60.893, 5.672
-184.588, -61.172, 5.662
-184.588, -61.402, 5.652
-184.588, -61.649, 5.641
-184.588, -61.967, 5.626
-184.589, -62.246, 5.612
-184.589, -62.522, 5.599
-184.589, -62.824, 5.584
-184.589, -63.018, 5.575
-184.589, -63.223, 5.565
-184.589, -63.519, 5.551
-184.589, -63.702, 5.545
-184.589, -63.887, 5.553
-184.589, -64.079, 5.588
-184.589, -64.267, 5.632
-184.589, -64.450, 5.668
-184.589, -64.767, 5.710
-184.589, -64.981, 5.727
-184.589, -65.180, 5.737
-184.590, -65.404, 5.742
-184.590, -65.588, 5.744
-184.590, -65.803, 5.742
-184.590, -66.087, 5.735
-184.590, -66.283, 5.729
-184.590, -66.471, 5.722
-184.590, -66.677, 5.713
-184.590, -66.867, 5.704
-184.590, -67.055, 5.695
-184.590, -67.360, 5.680
-184.590, -67.736, 5.660
-184.590, -67.920, 5.650
-184.590, -68.100, 5.641
-184.590, -68.377, 5.626
-184.590, -68.651, 5.611
-184.590, -68.927, 5.597
-184.590, -69.110, 5.588
-184.590, -69.295, 5.579
-184.591, -69.598, 5.564
-184.591, -69.855, 5.551
-184.591, -70.119, 5.555
-184.591, -70.386, 5.603
-184.591, -70.584, 5.641
-184.591, -70.851, 5.677
-184.591, -71.031, 5.692
-184.591, -71.208, 5.703
-184.591, -71.592, 5.713
-184.591, -71.854, 5.686
-184.591, -72.119, 5.559
-184.591, -72.371, 5.340
-184.591, -72.605, 5.048
-184.591, -72.765, 4.790
-184.591, -72.972, 4.263
-184.590, -73.159, 3.724
-184.590, -73.315, 3.171
-184.589, -73.526, 2.213
-184.589, -73.644, 1.466
-184.589, -73.748, 0.341
-184.590, -73.856, 1.152
-184.590, -73.965, 1.667
-184.590, -74.097, 2.073
-184.591, -74.309, 2.558
-184.591, -74.441, 2.812
-184.591, -74.544, 2.993
-184.591, -74.663, 3.188
-184.591, -74.796, 3.396
-184.592, -74.968, 3.642
-184.592, -75.171, 3.914
-184.593, -75.429, 4.231
-184.593, -75.604, 4.432
-184.593, -75.777, 4.620
-184.590, -75.995, 4.843
-184.586, -76.175, 5.022
-184.579, -76.412, 5.251
-184.574, -76.590, 5.419
-184.564, -76.857, 5.655
-184.547, -77.098, 5.840
-184.525, -77.332, 5.997
-184.502, -77.549, 6.110
-184.474, -77.786, 6.202
-184.444, -78.016, 6.268
-184.400, -78.293, 6.295
-184.351, -78.535, 6.290
-184.302, -78.743, 6.299
-184.214, -79.081, 6.310
-184.120, -79.388, 6.285
