-162.561, -95.140, 0.848
-162.579, -95.140, 1.109
-162.623, -95.140, 1.592
-162.713, -95.140, 2.257
-162.813, -95.140, 2.805
-162.932, -95.140, 3.310
-163.112, -95.141, 3.911
-163.273, -95.141, 4.346
-163.477, -95.141, 4.809
-163.670, -95.142, 5.184
-163.853, -95.142, 5.497
-164.126, -95.142, 5.905
-164.537, -95.143, 6.382
-164.763, -95.144, 6.581
-164.975, -95.144, 6.737
-165.302, -95.145, 6.922
-165.629, -95.146, 7.057
-165.740, -95.146, 7.093
-165.990, -95.146, 7.158
-166.211, -95.147, 7.200
-166.557, -95.148, 7.241
-166.908, -95.149, 7.258
-167.019, -95.149, 7.260
-167.260, -95.149, 7.257
-167.486, -95.150, 7.249
-167.829, -95.151, 7.226
-168.187, -95.152, 7.194
-168.295, -95.152, 7.183
-168.513, -95.152, 7.159
-168.839, -95.153, 7.119
-169.166, -95.154, 7.077
-169.275, -95.154, 7.062
-169.490, -95.155, 7.032
-169.733, -95.155, 6.998
-170.047, -95.156, 6.953
-170.400, -95.157, 6.901
-170.519, -95.157, 6.884
-170.720, -95.157, 6.854
-170.924, -95.158, 6.825
-171.281, -95.159, 6.712
-171.590, -95.159, 6.518
-171.706, -95.160, 6.420
-171.904, -95.160, 6.224
-172.088, -95.161, 6.005
-172.372, -95.161, 5.619
-172.630, -95.162, 5.212
-172.791, -95.162, 4.929
-172.872, -95.162, 4.779
-173.100, -95.163, 4.314
-173.222, -95.163, 4.037
-173.360, -95.163, 3.699
-173.533, -95.164, 3.223
-173.635, -95.164, 2.905
-173.722, -95.164, 2.607
-173.801, -95.164, 2.307
-173.894, -95.164, 1.898
-173.974, -95.164, 1.475
-173.995, -95.165, 1.345
-174.032, -95.165, 1.087
-174.061, -95.165, 0.388
-174.075, -95.165, 0.140
-174.090, -95.165, 0.308
-174.111, -95.165, 0.478
-174.154, -95.164, 0.809
-174.176, -95.164, 1.004
-174.241, -95.164, 1.378
-174.310, -95.164, 1.654
-174.390, -95.164, 1.906
-174.465, -95.164, 2.107
-174.579, -95.165, 2.372
-174.683, -95.165, 2.587
-174.777, -95.165, 2.765
-174.877, -95.165, 2.944
-175.042, -95.165, 3.214
-175.206, -95.165, 3.462
-175.264, -95.165, 3.547
-175.320, -95.165, 3.624
-175.532, -95.165, 3.909
-175.685, -95.165, 4.100
-175.824, -95.165, 4.267
-175.953, -95.165, 4.413
-176.127, -95.165, 4.604
-176.298, -95.165, 4.783
-176.457, -95.165, 4.943
-176.681, -95.165, 5.159
-176.988, -95.165, 5.438
-177.351, -95.166, 5.745
-177.519, -95.166, 5.866
-177.787, -95.166, 6.018
-178.059, -95.166, 6.131
-178.146, -95.166, 6.160
-178.326, -95.166, 6.209
-178.598, -95.166, 6.262
-178.873, -95.166, 6.296
-179.163, -95.167, 6.315
-179.255, -95.167, 6.319
-179.494, -95.167, 6.321
-179.695, -95.167, 6.319
-179.991, -95.167, 6.308
-180.294, -95.168, 6.292
-180.394, -95.168, 6.285
-180.595, -95.168, 6.271
-180.887, -95.168, 6.248
-181.182, -95.169, 6.222
-181.265, -95.169, 6.215
-181.470, -95.169, 6.196
-181.748, -95.169, 6.170
-182.098, -95.169, 6.137
-182.272, -95.170, 6.120
-182.537, -95.170, 6.094
-183.067, -95.171, 6.044
-183.318, -95.171, 6.020
-183.572, -95.171, 5.997
-183.663, -95.171, 5.989
-183.843, -95.172, 5.972
-184.108, -95.172, 5.949
-184.363, -95.172, 5.927
-184.622, -95.172, 5.904
-184.707, -95.173, 5.897
-184.876, -95.173, 5.882
-185.120, -95.173, 5.857
-185.360, -95.174, 5.833
-185.599, -95.174, 5.809
-185.840, -95.174, 5.787
-186.081, -95.174, 5.764
-186.452, -95.175, 5.732
-186.615, -95.175, 5.724
-186.873, -95.175, 5.705
-187.151, -95.176, 5.675
-187.232, -95.176, 5.672
-187.388, -95.176, 5.666
-187.622, -95.177, 5.656
-187.869, -95.177, 5.640
-188.115, -95.177, 5.615
-188.446, -95.178, 5.576
-188.608, -95.178, 5.558
-188.845, -95.178, 5.536
-189.016, -95.179, 5.538
-189.094, -95.179, 5.549
-189.205, -95.179, 5.575
-189.410, -95.179, 5.637
-189.614, -95.180, 5.694
-189.884, -95.180, 5.748
-190.075, -95.180, 5.773
-190.258, -95.181, 5.792
-190.529, -95.181, 5.807
-190.792, -95.181, 5.814
-190.986, -95.182, 5.814
-191.083, -95.182, 5.813
-191.179, -95.182, 5.812
-191.380, -95.182, 5.807
-191.557, -95.182, 5.801
-191.838, -95.183, 5.789
-192.113, -95.183, 5.775
-192.202, -95.183, 5.771
-192.376, -95.184, 5.761
-192.643, -95.184, 5.746
-192.891, -95.185, 5.732
-192.978, -95.185, 5.727
-193.147, -95.185, 5.717
-193.384, -95.185, 5.703
-193.628, -95.186, 5.688
-193.863, -95.186, 5.674
-194.105, -95.186, 5.661
-194.337, -95.187, 5.647
-194.434, -95.187, 5.642
-194.591, -95.187, 5.633
-194.831, -95.187, 5.620
-195.068, -95.188, 5.606
-195.317, -95.188, 5.593
-195.559, -95.188, 5.581
-195.643, -95.189, 5.576
-195.802, -95.189, 5.566
-196.053, -95.189, 5.554
-196.285, -95.190, 5.547
-196.515, -95.190, 5.561
-196.751, -95.190, 5.601
-196.829, -95.190, 5.614
-196.985, -95.191, 5.635
-197.240, -95.191, 5.666
-197.416, -95.191, 5.691
-197.508, -95.191, 5.703
-197.618, -95.191, 5.715
-197.797, -95.192, 5.735
-198.020, -95.192, 5.750
-198.235, -95.192, 5.760
-198.475, -95.193, 5.767
-198.706, -95.193, 5.764
-198.960, -95.193, 5.753
-199.140, -95.194, 5.743
-199.396, -95.194, 5.729
-199.592, -95.195, 5.717
-199.696, -95.195, 5.711
-199.802, -95.195, 5.705
-199.995, -95.195, 5.693
-200.238, -95.196, 5.678
-200.565, -95.196, 5.663
-200.677, -95.196, 5.657
-200.881, -95.196, 5.645
-201.083, -95.197, 5.634
-201.307, -95.197, 5.623
-201.589, -95.198, 5.610
-201.761, -95.198, 5.598
-201.842, -95.198, 5.594
-201.929, -95.198, 5.590
-202.067, -95.198, 5.583
-202.393, -95.199, 5.569
-202.598, -95.199, 5.560
-202.780, -95.200, 5.552
-202.950, -95.200, 5.546
-203.134, -95.200, 5.554
-203.433, -95.201, 5.612
-203.668, -95.201, 5.660
-204.005, -95.201, 5.703
-204.197, -95.202, 5.717
-204.395, -95.202, 5.727
-204.584, -95.202, 5.732
-204.850, -95.203, 5.733
-205.113, -95.203, 5.730
-205.465, -95.203, 5.720
-205.650, -95.204, 5.714
-205.888, -95.204, 5.704
-206.158, -95.204, 5.691
-206.233, -95.205, 5.688
-206.408, -95.205, 5.679
-206.640, -95.205, 5.667
-206.881, -95.206, 5.655
-207.105, -95.206, 5.643
-207.337, -95.206, 5.631
-207.497, -95.206, 5.622
-207.624, -95.207, 5.616
-207.747, -95.207, 5.609
-207.952, -95.207, 5.599
-208.130, -95.207, 5.590
-208.384, -95.208, 5.577
-208.725, -95.208, 5.560
-208.887, -95.208, 5.553
-209.124, -95.209, 5.547
-209.488, -95.209, 5.597
-209.655, -95.210, 5.629
-209.895, -95.210, 5.661
-210.125, -95.210, 5.682
-210.378, -95.211, 5.695
-210.616, -95.211, 5.701
-210.942, -95.212, 5.701
-211.122, -95.212, 5.698
-211.329, -95.212, 5.693
-211.596, -95.213, 5.684
-211.828, -95.213, 5.675
-211.997, -95.213, 5.668
-212.198, -95.213, 5.659
-212.356, -95.214, 5.652
-212.612, -95.214, 5.639
-212.770, -95.214, 5.632
-212.883, -95.214, 5.626
-212.987, -95.215, 5.621
-213.180, -95.215, 5.611
-213.381, -95.215, 5.601
-213.619, -95.216, 5.589
-213.852, -95.216, 5.578
-214.146, -95.216, 5.563
-214.230, -95.216, 5.559
-214.395, -95.217, 5.552
-214.554, -95.217, 5.549
-214.769, -95.217, 5.570
-215.086, -95.218, 5.639
-215.397, -95.218, 5.690
-215.486, -95.218, 5.701
-215.677, -95.219, 5.718
-215.861, -95.219, 5.729
-215.962, -95.219, 5.733
-216.073, -95.219, 5.736
-216.370, -95.220, 5.739
-216.651, -95.220, 5.736
-216.732, -95.220, 5.734
-216.914, -95.221, 5.729
-217.165, -95.221, 5.720
-217.426, -95.221, 5.710
-217.507, -95.221, 5.706
-217.677, -95.222, 5.698
-217.925, -95.222, 5.686
-218.169, -95.222, 5.673
-218.434, -95.223, 5.660
-218.520, -95.223, 5.655
-218.688, -95.223, 5.646
-218.952, -95.224, 5.632
-219.299, -95.224, 5.614
-219.504, -95.224, 5.603
-219.674, -95.225, 5.595
-219.928, -95.225, 5.582
-220.166, -95.225, 5.570
-220.420, -95.226, 5.557
-220.643, -95.226, 5.548
-220.873, -95.226, 5.557
-221.100, -95.227, 5.592
-221.325, -95.227, 5.621
-221.556, -95.228, 5.640
-221.780, -95.228, 5.651
-222.012, -95.228, 5.656
-222.246, -95.229, 5.657
-222.551, -95.229, 5.654
-222.861, -95.229, 5.646
-223.025, -95.230, 5.641
-223.246, -95.230, 5.633
-223.470, -95.230, 5.622
-223.721, -95.231, 5.610
-223.956, -95.231, 5.600
-224.195, -95.231, 5.587
-224.517, -95.232, 5.563
-224.672, -95.232, 5.546
-224.893, -95.233, 5.534
-225.132, -95.233, 5.553
-225.361, -95.233, 5.602
-225.586, -95.234, 5.670
-225.819, -95.234, 5.728
-226.052, -95.234, 5.770
-226.296, -95.235, 5.801
-226.528, -95.235, 5.817
-226.776, -95.235, 5.830
-226.978, -95.236, 5.837
-227.235, -95.236, 5.840
-227.509, -95.237, 5.837
-227.591, -95.237, 5.835
-227.756, -95.237, 5.831
-228.005, -95.237, 5.821
-228.269, -95.238, 5.809
-228.512, -95.238, 5.792
-228.780, -95.238, 5.772
-228.858, -95.239, 5.769
-229.013, -95.239, 5.761
-229.170, -95.239, 5.752
-229.488, -95.240, 5.733
-229.735, -95.240, 5.720
-229.974, -95.240, 5.706
-230.153, -95.241, 5.695
-230.247, -95.241, 5.689
-230.343, -95.241, 5.684
-230.595, -95.241, 5.670
-230.831, -95.242, 5.657
-230.912, -95.242, 5.652
-231.069, -95.242, 5.642
-231.310, -95.242, 5.624
-231.560, -95.243, 5.606
-231.795, -95.243, 5.596
-232.100, -95.242, 5.578
-232.260, -95.242, 5.565
-232.508, -95.241, 5.550
-232.732, -95.241, 5.553
-232.952, -95.240, 5.579
-233.174, -95.240, 5.609
-233.329, -95.239, 5.623
-233.483, -95.239, 5.631
-233.602, -95.238, 5.637
-233.811, -95.237, 5.646
-234.072, -95.233, 5.651
-234.320, -95.229, 5.652
-234.402, -95.227, 5.651
-234.576, -95.224, 5.646
-234.836, -95.218, 5.633
-235.071, -95.213, 5.628
-235.335, -95.206, 5.619
-235.424, -95.204, 5.616
-235.583, -95.200, 5.610
-235.808, -95.193, 5.598
-236.033, -95.187, 5.583
-236.255, -95.178, 5.566
-236.480, -95.168, 5.550
-236.707, -95.156, 5.543
-236.948, -95.143, 5.561
-237.181, -95.130, 5.604
-237.413, -95.116, 5.653
-237.730, -95.096, 5.703
-237.884, -95.086, 5.721
-238.124, -95.070, 5.742
-238.372, -95.053, 5.749
-238.612, -95.034, 5.749
-238.860, -95.011, 5.740
-238.941, -95.004, 5.740
-239.093, -94.989, 5.737
-239.363, -94.962, 5.738
-239.612, -94.936, 5.738
-239.830, -94.913, 5.734
-240.058, -94.887, 5.725
-240.283, -94.862, 5.716
-240.509, -94.836, 5.703
-240.747, -94.806, 5.690
-240.988, -94.773, 5.680
-241.211, -94.740, 5.669
-241.656, -94.673, 5.645
-241.873, -94.639, 5.632
-242.154, -94.594, 5.615
-242.374, -94.557, 5.601
-242.447, -94.545, 5.596
-242.526, -94.532, 5.590
-242.683, -94.505, 5.576
-242.925, -94.463, 5.551
-243.140, -94.422, 5.539
-243.369, -94.376, 5.564
-243.557, -94.339, 5.606
-243.721, -94.305, 5.660
-243.874, -94.273, 5.700
-244.117, -94.221, 5.747
-244.346, -94.171, 5.778
-244.608, -94.113, 5.799
-244.847, -94.059, 5.809
-244.920, -94.042, 5.811
-245.083, -94.005, 5.813
-245.311, -93.950, 5.808
-245.533, -93.893, 5.803
-245.746, -93.838, 5.796
-246.038, -93.760, 5.784
-246.324, -93.683, 5.770
-246.398, -93.662, 5.767
-246.616, -93.602, 5.754
-246.826, -93.542, 5.742
-247.058, -93.476, 5.727
-247.140, -93.453, 5.721
-247.349, -93.391, 5.705
-247.574, -93.322, 5.690
-247.806, -93.248, 5.677
-248.056, -93.167, 5.663
-248.128, -93.144, 5.659
-248.278, -93.094, 5.650
-248.508, -93.017, 5.637
-248.735, -92.940, 5.615
-249.061, -92.828, 5.591
-249.204, -92.778, 5.585
-249.423, -92.701, 5.572
-249.637, -92.622, 5.552
-249.844, -92.544, 5.542
-250.052, -92.464, 5.564
-250.188, -92.411, 5.597
-250.393, -92.331, 5.658
-250.576, -92.258, 5.702
-250.821, -92.159, 5.744
-251.138, -92.030, 5.776
-251.283, -91.969, 5.784
-251.455, -91.898, 5.789
-251.720, -91.784, 5.787
-251.958, -91.678, 5.784
-252.401, -91.477, 5.769
-252.605, -91.382, 5.760
-252.818, -91.282, 5.749
-252.966, -91.212, 5.741
-253.053, -91.171, 5.736
-253.135, -91.132, 5.731
-253.295, -91.055, 5.722
-253.517, -90.948, 5.708
-253.736, -90.838, 5.691
-253.882, -90.763, 5.681
-253.948, -90.729, 5.677
-254.050, -90.676, 5.670
-254.153, -90.622, 5.664
-254.354, -90.517, 5.652
-254.616, -90.377, 5.636
-254.850, -90.250, 5.622
-255.064, -90.133, 5.609
-255.138, -90.093, 5.605
-255.275, -90.018, 5.597
-255.487, -89.900, 5.584
-255.689, -89.784, 5.564
-255.887, -89.668, 5.545
-256.079, -89.554, 5.544
-256.352, -89.390, 5.584
-256.489, -89.307, 5.618
-256.689, -89.185, 5.659
-256.885, -89.063, 5.693
-257.083, -88.940, 5.717
-257.292, -88.809, 5.735
-257.502, -88.674, 5.732
-257.713, -88.536, 5.728
-257.780, -88.491, 5.723
-257.993, -88.348, 5.722
-258.215, -88.197, 5.729
-258.412, -88.061, 5.730
-258.481, -88.014, 5.729
-258.608, -87.925, 5.727
-258.803, -87.789, 5.720
-258.996, -87.653, 5.708
-259.187, -87.517, 5.694
-259.373, -87.382, 5.673
-259.569, -87.235, 5.653
-259.765, -87.088, 5.628
-259.957, -86.941, 5.608
-260.019, -86.893, 5.601
-260.140, -86.800, 5.589
-260.324, -86.657, 5.575
-260.522, -86.502, 5.563
-260.596, -86.443, 5.563
-260.736, -86.332, 5.561
-260.940, -86.169, 5.554
-261.134, -86.008, 5.552
-261.196, -85.956, 5.558
-261.316, -85.855, 5.582
-261.497, -85.701, 5.630
-261.774, -85.463, 5.679
-261.893, -85.360, 5.692
-262.066, -85.208, 5.705
-262.247, -85.049, 5.712
-262.421, -84.895, 5.713
-262.600, -84.734, 5.709
-262.772, -84.575, 5.700
-262.943, -84.415, 5.690
-263.110, -84.256, 5.676
-263.282, -84.092, 5.661
-263.451, -83.927, 5.642
-263.506, -83.874, 5.637
-263.620, -83.763, 5.625
-263.778, -83.608, 5.608
-263.935, -83.452, 5.597
-264.096, -83.292, 5.582
-264.253, -83.134, 5.570
-264.434, -82.947, 5.559
-264.606, -82.766, 5.558
-264.656, -82.713, 5.563
-264.757, -82.604, 5.581
-264.907, -82.443, 5.604
-265.066, -82.270, 5.619
-265.218, -82.103, 5.625
-265.376, -81.928, 5.623
-265.570, -81.712, 5.621
-265.736, -81.524, 5.620
-265.912, -81.325, 5.615
-266.023, -81.197, 5.607
-266.074, -81.136, 5.604
-266.145, -81.052, 5.600
-266.211, -80.972, 5.597
-266.371, -80.780, 5.588
-266.561, -80.547, 5.577
-266.719, -80.351, 5.567
-266.770, -80.289, 5.564
-266.864, -80.170, 5.558
-267.003, -79.996, 5.553
-267.138, -79.825, 5.571
-267.284, -79.639, 5.605
-267.428, -79.453, 5.628
-267.562, -79.277, 5.636
-267.699, -79.092, 5.643
-267.831, -78.911, 5.645
-267.965, -78.726, 5.644
-268.099, -78.538, 5.637
-268.235, -78.346, 5.627
-268.366, -78.161, 5.611
-268.504, -77.961, 5.594
-268.689, -77.694, 5.572
-268.780, -77.561, 5.571
-268.919, -77.353, 5.562
-269.050, -77.153, 5.556
-269.171, -76.963, 5.568
-269.232, -76.866, 5.587
-269.406, -76.590, 5.639
-269.550, -76.356, 5.666
-269.603, -76.271, 5.673
-269.671, -76.159, 5.679
-269.795, -75.955, 5.686
-269.923, -75.743, 5.688
-270.083, -75.475, 5.685
-270.223, -75.231, 5.673
-270.273, -75.142, 5.669
-270.360, -74.985, 5.663
-270.483, -74.761, 5.654
-270.566, -74.610, 5.647
-270.656, -74.442, 5.638
-270.742, -74.282, 5.630
-270.824, -74.128, 5.622
-270.955, -73.878, 5.608
-271.074, -73.650, 5.596
-271.192, -73.420, 5.574
-271.229, -73.347, 5.564
-271.310, -73.182, 5.552
-271.424, -72.945, 5.557
-271.567, -72.642, 5.620
-271.642, -72.481, 5.650
-271.719, -72.314, 5.667
-271.830, -72.070, 5.690
-271.944, -71.818, 5.704
-271.982, -71.733, 5.707
-272.058, -71.560, 5.710
-272.168, -71.310, 5.708
-272.280, -71.048, 5.693
-272.312, -70.970, 5.690
-272.391, -70.779, 5.685
-272.462, -70.602, 5.680
-272.557, -70.361, 5.671
-272.655, -70.108, 5.660
-272.721, -69.936, 5.653
-272.755, -69.845, 5.648
-272.794, -69.743, 5.643
-272.854, -69.582, 5.635
-272.944, -69.339, 5.623
-273.005, -69.175, 5.615
-273.035, -69.093, 5.610
-273.068, -69.003, 5.606
-273.125, -68.838, 5.593
-273.186, -68.659, 5.583
-273.272, -68.400, 5.570
-273.347, -68.169, 5.559
-273.446, -67.858, 5.557
-273.495, -67.702, 5.576
-273.567, -67.467, 5.614
-273.637, -67.238, 5.633
-273.693, -67.054, 5.644
-273.754, -66.849, 5.660
-273.802, -66.678, 5.665
-273.853, -66.490, 5.670
-273.899, -66.319, 5.672
-273.974, -66.032, 5.671
-274.047, -65.744, 5.665
-274.069, -65.656, 5.663
-274.103, -65.521, 5.659
-274.162, -65.276, 5.650
-274.233, -64.979, 5.638
-274.273, -64.809, 5.631
-274.316, -64.625, 5.622
-274.358, -64.438, 5.610
-274.394, -64.265, 5.600
-274.451, -63.983, 5.586
-274.489, -63.790, 5.577
-274.521, -63.624, 5.570
-274.553, -63.453, 5.562
-274.599, -63.201, 5.552
-274.630, -63.031, 5.555
-274.660, -62.859, 5.574
-274.690, -62.689, 5.594
-274.719, -62.521, 5.604
-274.757, -62.296, 5.630
-274.790, -62.085, 5.650
-274.817, -61.898, 5.663
-274.861, -61.579, 5.677
-274.896, -61.306, 5.682
-274.908, -61.215, 5.682
-274.932, -61.019, 5.680
-274.957, -60.813, 5.676
-274.988, -60.543, 5.669
-275.018, -60.273, 5.659
-275.028, -60.182, 5.655
-275.051, -59.965, 5.646
-275.069, -59.771, 5.636
-275.093, -59.505, 5.623
-275.108, -59.325, 5.615
-275.116, -59.232, 5.610
-275.122, -59.147, 5.607
-275.137, -58.963, 5.597
-275.156, -58.698, 5.585
-275.169, -58.522, 5.576
-275.174, -58.439, 5.573
-275.181, -58.346, 5.568
-275.193, -58.158, 5.559
-275.204, -57.980, 5.551
-275.215, -57.791, 5.551
-275.229, -57.543, 5.582
-275.240, -57.326, 5.620
-275.255, -57.016, 5.656
-275.263, -56.836, 5.669
-275.268, -56.725, 5.675
-275.272, -56.633, 5.678
-275.281, -56.432, 5.683
-275.288, -56.244, 5.684
-275.295, -56.051, 5.683
-275.306, -55.740, 5.677
-275.313, -55.532, 5.671
-275.316, -55.431, 5.667
-275.319, -55.339, 5.664
-275.325, -55.155, 5.657
-275.330, -54.965, 5.649
-275.337, -54.684, 5.636
-275.345, -54.386, 5.622
-275.347, -54.292, 5.618
-275.351, -54.109, 5.609
-275.355, -53.924, 5.600
-275.361, -53.648, 5.586
-275.366, -53.382, 5.573
-275.368, -53.295, 5.569
-275.371, -53.115, 5.561
-275.375, -52.938, 5.552
-275.379, -52.674, 5.547
-275.383, -52.403, 5.584
-275.385, -52.322, 5.603
-275.387, -52.150, 5.640
-275.390, -51.977, 5.669
-275.394, -51.653, 5.704
-275.398, -51.335, 5.722
-275.400, -51.218, 5.726
-275.401, -51.099, 5.728
-275.406, -50.746, 5.727
-275.409, -50.491, 5.722
-275.410, -50.401, 5.720
-275.411, -50.224, 5.714
-275.414, -49.965, 5.704
-275.417, -49.693, 5.692
-275.418, -49.601, 5.688
-275.420, -49.422, 5.680
-275.421, -49.247, 5.671
-275.424, -48.965, 5.656
-275.427, -48.703, 5.643
-275.428, -48.534, 5.634
-275.429, -48.438, 5.629
-275.430, -48.346, 5.624
-275.431, -48.168, 5.615
-275.433, -47.992, 5.605
-275.435, -47.722, 5.590
-275.438, -47.438, 5.576
-275.438, -47.349, 5.572
-275.440, -47.170, 5.563
-275.442, -46.915, 5.551
-275.444, -46.631, 5.558
-275.445, -46.525, 5.573
-275.446, -46.352, 5.598
-275.449, -46.082, 5.626
-275.451, -45.811, 5.642
-275.451, -45.718, 5.645
-275.453, -45.532, 5.649
-275.454, -45.315, 5.650
-275.456, -45.122, 5.649
-275.457, -44.940, 5.646
-275.459, -44.641, 5.638
-275.461, -44.423, 5.631
-275.462, -44.337, 5.628
-275.463, -44.213, 5.623
-275.464, -44.031, 5.616
-275.465, -43.916, 5.611
-275.466, -43.774, 5.604
-275.467, -43.636, 5.598
-275.469, -43.390, 5.587
-275.471, -43.140, 5.576
-275.471, -43.013, 5.570
-275.472, -42.879, 5.564
-275.473, -42.743, 5.558
-275.475, -42.491, 5.547
-275.477, -42.252, 5.553
-275.479, -42.054, 5.588
-275.480, -41.863, 5.634
-275.482, -41.612, 5.680
-275.483, -41.383, 5.709
-275.485, -41.185, 5.725
-275.487, -40.879, 5.739
-275.489, -40.633, 5.743
-275.490, -40.423, 5.743
-275.492, -40.219, 5.739
-275.494, -39.977, 5.733
-275.495, -39.733, 5.724
-275.497, -39.525, 5.716
-275.499, -39.244, 5.703
-275.501, -38.964, 5.689
-275.502, -38.876, 5.685
-275.503, -38.688, 5.675
-275.504, -38.508, 5.665
-275.506, -38.241, 5.651
-275.508, -37.955, 5.636
-275.510, -37.686, 5.622
-275.512, -37.507, 5.612
-275.513, -37.279, 5.601
-275.515, -37.079, 5.590
-275.517, -36.795, 5.576
-275.518, -36.616, 5.567
-275.519, -36.425, 5.558
-275.521, -36.255, 5.550
-275.522, -36.075, 5.549
-275.523, -35.906, 5.565
-275.525, -35.587, 5.630
-275.527, -35.388, 5.662
-275.528, -35.176, 5.686
-275.530, -34.973, 5.701
-275.531, -34.784, 5.710
-275.533, -34.487, 5.716
-275.535, -34.197, 5.715
-275.536, -34.103, 5.713
-275.537, -33.914, 5.709
-275.539, -33.727, 5.704
-275.541, -33.440, 5.693
-275.544, -33.057, 5.676
-275.545, -32.869, 5.668
-275.546, -32.681, 5.658
-275.548, -32.398, 5.644
-275.550, -32.145, 5.631
-275.551, -32.059, 5.627
-275.552, -31.876, 5.618
-275.554, -31.697, 5.608
-275.555, -31.434, 5.595
-275.557, -31.159, 5.581
-275.559, -30.907, 5.569
-275.560, -30.810, 5.564
-275.561, -30.638, 5.556
-275.563, -30.378, 5.545
-275.565, -30.118, 5.562
-275.566, -30.033, 5.576
-275.567, -29.856, 5.610
-275.569, -29.595, 5.647
-275.571, -29.240, 5.671
-275.573, -29.055, 5.683
-275.575, -28.803, 5.692
-275.577, -28.541, 5.696
-275.577, -28.450, 5.691
-275.578, -28.276, 5.683
-275.580, -28.006, 5.664
-275.582, -27.751, 5.624
-275.583, -27.668, 5.625
-275.584, -27.497, 5.611
-275.586, -27.308, 5.593
-275.587, -27.041, 5.595
-275.589, -26.786, 5.596
-275.590, -26.697, 5.592
-275.591, -26.529, 5.586
-275.592, -26.349, 5.582
-275.594, -26.082, 5.575
-275.596, -25.827, 5.566
-275.598, -25.560, 5.556
-275.599, -25.481, 5.541
-275.600, -25.312, 5.521
-275.601, -25.105, 5.538
-275.603, -24.840, 5.600
-275.605, -24.664, 5.654
-275.605, -24.578, 5.676
-275.606, -24.479, 5.700
-275.607, -24.388, 5.719
-275.609, -24.115, 5.762
-275.610, -23.890, 5.784
-275.612, -23.675, 5.798
-275.614, -23.368, 5.807
-275.616, -23.132, 5.807
-275.617, -22.917, 5.804
-275.618, -22.810, 5.802
-275.620, -22.561, 5.794
-275.622, -22.296, 5.784
-275.624, -22.059, 5.773
-275.625, -21.828, 5.761
-275.627, -21.557, 5.746
-275.629, -21.373, 5.736
-275.631, -21.102, 5.720
-275.632, -20.908, 5.709
-275.633, -20.728, 5.698
-275.635, -20.529, 5.687
-275.636, -20.344, 5.676
-275.638, -20.079, 5.661
-275.640, -19.798, 5.645
-275.641, -19.711, 5.640
-275.642, -19.529, 5.630
-275.643, -19.348, 5.620
-275.645, -19.078, 5.606
-275.647, -18.824, 5.593
-275.649, -18.562, 5.578
-275.650, -18.468, 5.574
-275.651, -18.287, 5.565
-275.652, -18.104, 5.556
-275.654, -17.833, 5.546
-275.656, -17.653, 5.553
-275.658, -17.390, 5.606
-275.659, -17.264, 5.639
-275.661, -16.930, 5.705
-275.663, -16.730, 5.731
-275.664, -16.521, 5.749
-275.666, -16.317, 5.761
-275.667, -16.125, 5.767
-275.670, -15.844, 5.706
-275.671, -15.738, 5.652
-275.673, -15.386, 5.358
-275.675, -15.178, 5.095
-275.676, -15.053, 4.913
-275.678, -14.823, 4.529
-275.680, -14.621, 4.139
-275.682, -14.477, 3.822
-275.683, -14.350, 3.516
-275.684, -14.236, 3.211
-275.685, -14.119, 2.862
-275.686, -14.004, 2.473
-275.688, -13.885, 1.996
-275.689, -13.798, 1.563
-275.689, -13.775, 1.429
-275.689, -13.726, 1.105
-275.690, -13.690, 0.800
-275.690, -13.676, 0.234
-275.690, -13.666, 0.101
-275.690, -13.646, 0.383
-275.691, -13.621, 0.576
-275.691, -13.596, 0.777
-275.691, -13.543, 1.180
-275.692, -13.497, 1.409
-275.692, -13.473, 1.506
-275.692, -13.447, 1.601
-275.693, -13.387, 1.800
-275.694, -13.322, 1.985
-275.695, -13.234, 2.203
-275.696, -13.140, 2.413
-275.697, -13.047, 2.602
-275.698, -12.909, 2.856
-275.699, -12.813, 3.020
-275.700, -12.761, 3.106
-275.700, -12.701, 3.201
-275.702, -12.586, 3.377
-275.703, -12.469, 3.548
-275.706, -12.275, 3.814
-275.707, -12.135, 3.994
-275.709, -11.991, 4.169
-275.711, -11.856, 4.327
-275.713, -11.717, 4.483
-275.716, -11.488, 4.728
-275.718, -11.328, 4.890
-275.721, -11.140, 5.075
-275.723, -10.960, 5.244
-275.725, -10.784, 5.403
-275.733, -10.225, 5.852
-275.735, -10.128, 5.912
-275.738, -9.938, 6.011
-275.740, -9.749, 6.088
-275.745, -9.455, 6.178
-275.749, -9.113, 6.244
-275.751, -8.981, 6.261
-275.755, -8.744, 6.282
-275.757, -8.646, 6.288
-275.758, -8.530, 6.292
-275.762, -8.325, 6.296
-275.768, -7.939, 6.291
-275.773, -7.637, 6.278
-275.775, -7.535, 6.273
-275.779, -7.318, 6.259
-275.783, -7.075, 6.242
-275.787, -6.824, 6.222
-275.792, -6.568, 6.201
-275.796, -6.348, 6.181
-275.801, -6.049, 6.155
-275.803, -5.951, 6.146
-275.806, -5.812, 6.133
-275.810, -5.566, 6.110
-275.814, -5.343, 6.089
-275.818, -5.121, 6.069
-275.824, -4.829, 6.042
-275.827, -4.633, 6.024
-275.831, -4.416, 6.005
-275.835, -4.211, 5.987
-275.839, -4.011, 5.969
-275.844, -3.748, 5.946
-275.848, -3.489, 5.925
-275.853, -3.222, 5.903
-275.857, -3.043, 5.888
-275.861, -2.823, 5.871
-275.864, -2.641, 5.856
-275.868, -2.438, 5.841
-275.873, -2.179, 5.821
-275.878, -1.919, 5.802
-275.883, -1.658, 5.783
-275.885, -1.570, 5.777
-275.888, -1.394, 5.765
-275.891, -1.210, 5.752
-275.896, -0.959, 5.731
-275.901, -0.703, 5.707
-275.907, -0.351, 5.676
-275.910, -0.182, 5.669
-275.914, -0.015, 5.660
-275.919, 0.252, 5.645
-275.923, 0.505, 5.632
-275.928, 0.759, 5.609
-275.929, 0.841, 5.599
-275.932, 1.010, 5.576
-275.935, 1.170, 5.558
-275.939, 1.397, 5.550
-275.944, 1.688, 5.569
-275.948, 1.940, 5.596
-275.949, 2.022, 5.603
-275.952, 2.194, 5.613
-275.955, 2.369, 5.618
-275.959, 2.642, 5.618
-275.964, 2.917, 5.619
-275.965, 3.003, 5.618
-275.968, 3.194, 5.615
-275.970, 3.385, 5.611
-275.974, 3.636, 5.604
-275.978, 3.889, 5.594
-275.982, 4.170, 5.576
-275.983, 4.257, 5.573
-275.985, 4.434, 5.564
-275.988, 4.606, 5.547
-275.991, 4.866, 5.536
-275.994, 5.140, 5.577
-275.995, 5.228, 5.599
-275.997, 5.396, 5.636
-276.000, 5.589, 5.670
-276.003, 5.857, 5.703
-276.007, 6.104, 5.719
-276.010, 6.367, 5.721
-276.011, 6.537, 5.713
-276.012, 6.625, 5.707
-276.014, 6.738, 5.705
-276.015, 6.906, 5.707
-276.017, 7.150, 5.701
-276.020, 7.403, 5.687
-276.020, 7.516, 5.681
-276.022, 7.684, 5.678
-276.023, 7.944, 5.665
-276.025, 8.192, 5.638
-276.025, 8.279, 5.631
-276.026, 8.454, 5.610
-276.028, 8.703, 5.580
-276.029, 8.965, 5.547
-276.030, 9.049, 5.535
-276.031, 9.243, 5.547
-276.032, 9.488, 5.590
-276.033, 9.748, 5.632
-276.033, 9.827, 5.642
-276.033, 9.909, 5.651
-276.034, 10.203, 5.673
-276.034, 10.428, 5.681
-276.034, 10.630, 5.685
-276.035, 10.920, 5.684
-276.035, 11.115, 5.681
-276.035, 11.294, 5.677
-276.035, 11.486, 5.671
-276.035, 11.747, 5.662
-276.035, 12.018, 5.650
-276.035, 12.102, 5.647
-276.034, 12.289, 5.638
-276.034, 12.470, 5.630
-276.034, 12.745, 5.617
-276.033, 12.938, 5.607
-276.032, 13.120, 5.598
-276.032, 13.295, 5.590
-276.031, 13.551, 5.577
-276.031, 13.717, 5.569
-276.030, 13.885, 5.561
-276.029, 14.068, 5.553
-276.028, 14.255, 5.546
-276.027, 14.505, 5.564
-276.025, 14.777, 5.621
-276.025, 14.871, 5.638
-276.024, 15.048, 5.665
-276.023, 15.232, 5.686
-276.021, 15.511, 5.706
-276.020, 15.685, 5.713
-276.019, 15.770, 5.715
-276.019, 15.876, 5.716
-276.017, 16.075, 5.717
-276.016, 16.253, 5.715
-276.015, 16.522, 5.710
-276.013, 16.772, 5.702
-276.012, 17.017, 5.693
-276.010, 17.264, 5.682
-276.009, 17.343, 5.678
-276.008, 17.519, 5.670
-276.006, 17.777, 5.657
-276.004, 17.957, 5.648
-276.002, 18.202, 5.636
-276.000, 18.426, 5.624
-275.998, 18.617, 5.615
-275.997, 18.806, 5.605
-275.994, 19.063, 5.592
-275.993, 19.227, 5.584
-275.991, 19.440, 5.573
-275.989, 19.605, 5.565
-275.987, 19.856, 5.552
-275.985, 20.052, 5.541
-275.983, 20.260, 5.554
-275.981, 20.463, 5.597
-275.980, 20.624, 5.639
-275.978, 20.842, 5.685
-275.976, 21.047, 5.716
-275.973, 21.288, 5.741
-275.970, 21.596, 5.759
-275.968, 21.863, 5.766
-275.967, 21.946, 5.766
-275.965, 22.120, 5.766
-275.963, 22.326, 5.762
-275.960, 22.588, 5.755
-275.957, 22.954, 5.741
-275.955, 23.132, 5.733
-275.952, 23.388, 5.721
-275.950, 23.614, 5.709
-275.949, 23.713, 5.704
-275.947, 23.854, 5.696
-275.945, 24.100, 5.683
-275.943, 24.301, 5.672
-275.941, 24.492, 5.662
-275.939, 24.674, 5.652
-275.937, 24.903, 5.639
-275.934, 25.211, 5.622
-275.931, 25.489, 5.608
-275.930, 25.580, 5.603
-275.928, 25.759, 5.593
-275.925, 26.024, 5.580
-275.923, 26.270, 5.568
-275.922, 26.352, 5.564
-275.920, 26.516, 5.556
-275.920, 26.597, 5.552
-275.916, 26.940, 5.552
-275.914, 27.116, 5.579
-275.912, 27.296, 5.618
-275.910, 27.570, 5.663
-275.907, 27.818, 5.688
-275.906, 27.942, 5.697
-275.903, 28.186, 5.708
-275.901, 28.382, 5.712
-275.899, 28.653, 5.713
-275.897, 28.829, 5.711
-275.896, 28.914, 5.709
-275.895, 28.999, 5.707
-275.893, 29.169, 5.702
-275.891, 29.426, 5.693
-275.887, 29.761, 5.679
-275.886, 29.938, 5.671
-275.883, 30.206, 5.658
-275.880, 30.477, 5.645
-275.879, 30.567, 5.640
-275.877, 30.734, 5.632
-275.875, 31.001, 5.618
-275.872, 31.246, 5.606
-275.871, 31.339, 5.601
-275.869, 31.516, 5.592
-275.867, 31.766, 5.579
-275.864, 32.012, 5.562
-275.864, 32.098, 5.552
-275.862, 32.288, 5.544
-275.860, 32.467, 5.553
-275.857, 32.717, 5.601
-275.855, 32.969, 5.652
-275.852, 33.215, 5.682
-275.850, 33.467, 5.696
-275.849, 33.548, 5.697
-275.847, 33.710, 5.698
-275.845, 33.950, 5.694
-275.842, 34.198, 5.684
-275.840, 34.444, 5.666
-275.837, 34.680, 5.656
-275.835, 34.915, 5.645
-275.834, 34.995, 5.641
-275.832, 35.147, 5.634
-275.830, 35.387, 5.622
-275.827, 35.620, 5.606
-275.825, 35.888, 5.579
-275.824, 35.975, 5.569
-275.822, 36.144, 5.548
-275.820, 36.399, 5.520
-275.818, 36.578, 5.538
-275.816, 36.757, 5.592
-275.814, 36.919, 5.646
-275.813, 37.003, 5.671
-275.812, 37.177, 5.713
-275.809, 37.438, 5.752
-275.808, 37.522, 5.759
-275.806, 37.692, 5.771
-275.801, 38.180, 5.788
-275.799, 38.372, 5.798
-275.797, 38.636, 5.804
-275.794, 38.895, 5.804
-275.792, 39.148, 5.798
-275.791, 39.237, 5.794
-275.789, 39.408, 5.783
-275.786, 39.672, 5.758
-275.783, 39.953, 5.732
-275.782, 40.044, 5.730
-275.781, 40.223, 5.724
-275.778, 40.465, 5.711
-275.776, 40.701, 5.693
-275.773, 40.941, 5.675
-275.771, 41.188, 5.652
-275.770, 41.273, 5.644
-275.768, 41.425, 5.630
-275.766, 41.663, 5.612
-275.763, 41.916, 5.597
-275.761, 42.157, 5.595
-275.759, 42.353, 5.591
-275.755, 42.754, 5.580
-275.752, 43.012, 5.572
-275.751, 43.182, 5.565
-275.749, 43.358, 5.558
-275.746, 43.640, 5.549
-275.744, 43.782, 5.556
-275.743, 43.910, 5.572
-275.741, 44.162, 5.631
-275.738, 44.461, 5.688
-275.735, 44.685, 5.716
-275.734, 44.777, 5.725
-275.733, 44.903, 5.734
-275.732, 45.027, 5.741
-275.728, 45.385, 5.751
-275.726, 45.555, 5.751
-275.724, 45.755, 5.749
-275.722, 45.972, 5.744
-275.720, 46.167, 5.738
-275.717, 46.443, 5.728
-275.715, 46.690, 5.717
-275.714, 46.769, 5.713
-275.712, 46.937, 5.705
-275.710, 47.196, 5.692
-275.706, 47.524, 5.675
-275.705, 47.683, 5.666
-275.702, 47.920, 5.653
-275.700, 48.178, 5.639
-275.697, 48.435, 5.626
-275.695, 48.662, 5.614
-275.694, 48.740, 5.610
-275.692, 48.894, 5.602
-275.688, 49.343, 5.579
-275.685, 49.568, 5.567
-275.683, 49.796, 5.557
-275.681, 50.027, 5.546
-275.678, 50.261, 5.557
-275.676, 50.516, 5.596
-275.675, 50.596, 5.607
-275.673, 50.757, 5.627
-275.671, 50.996, 5.647
-275.668, 51.234, 5.655
-275.666, 51.468, 5.660
-275.664, 51.644, 5.658
-275.663, 51.723, 5.659
-275.663, 51.804, 5.658
-275.660, 52.030, 5.656
-275.658, 52.226, 5.652
-275.656, 52.487, 5.645
-275.653, 52.733, 5.636
-275.651, 52.976, 5.627
-275.650, 53.058, 5.623
-275.648, 53.260, 5.614
-275.646, 53.480, 5.604
-275.644, 53.680, 5.595
-275.641, 53.944, 5.583
-275.638, 54.207, 5.571
-275.637, 54.306, 5.566
-275.635, 54.491, 5.557
-275.633, 54.750, 5.547
-275.630, 54.994, 5.561
-275.629, 55.073, 5.575
-275.628, 55.237, 5.607
-275.625, 55.479, 5.644
-275.622, 55.830, 5.675
-275.620, 56.003, 5.684
-275.617, 56.279, 5.691
-275.615, 56.532, 5.691
-275.612, 56.773, 5.688
-275.609, 57.104, 5.679
-275.607, 57.265, 5.674
-275.604, 57.524, 5.664
-275.602, 57.780, 5.653
-275.601, 57.857, 5.649
-275.599, 58.015, 5.642
-275.597, 58.251, 5.629
-275.595, 58.480, 5.615
-275.592, 58.708, 5.598
-275.590, 58.937, 5.580
-275.587, 59.180, 5.570
-275.585, 59.407, 5.561
-275.583, 59.646, 5.548
-275.580, 59.949, 5.543
-275.578, 60.098, 5.558
-275.576, 60.332, 5.605
-275.573, 60.577, 5.652
-275.571, 60.809, 5.684
-275.568, 61.041, 5.709
-275.566, 61.280, 5.724
-275.562, 61.634, 5.748
-275.561, 61.790, 5.752
-275.559, 62.023, 5.754
-275.556, 62.280, 5.751
-275.553, 62.532, 5.748
-275.552, 62.631, 5.746
-275.551, 62.793, 5.742
-275.548, 63.058, 5.733
-275.545, 63.319, 5.722
-275.544, 63.408, 5.718
-275.543, 63.579, 5.710
-275.540, 63.818, 5.696
-275.538, 64.067, 5.676
-275.535, 64.306, 5.652
-275.533, 64.541, 5.633
-275.530, 64.782, 5.611
-275.528, 65.023, 5.588
-275.527, 65.120, 5.584
-275.525, 65.297, 5.581
-275.523, 65.530, 5.577
-275.520, 65.760, 5.570
-275.518, 65.999, 5.561
-275.515, 66.247, 5.550
-275.510, 66.498, 5.554
-275.508, 66.576, 5.562
-275.505, 66.726, 5.590
-275.499, 66.952, 5.629
-275.493, 67.183, 5.656
-275.486, 67.432, 5.675
-275.479, 67.681, 5.679
-275.471, 67.923, 5.673
-275.468, 68.024, 5.673
-275.463, 68.193, 5.675
-275.455, 68.453, 5.670
-275.446, 68.692, 5.656
-275.434, 69.005, 5.629
-275.425, 69.161, 5.617
-275.409, 69.398, 5.598
-275.392, 69.626, 5.583
-275.375, 69.849, 5.569
-275.356, 70.073, 5.560
-275.327, 70.404, 5.535
-275.313, 70.559, 5.535
-275.292, 70.787, 5.566
-275.269, 71.016, 5.642
-275.245, 71.256, 5.717
-275.220, 71.492, 5.770
-275.189, 71.732, 5.801
-275.149, 72.005, 5.834
-275.136, 72.090, 5.843
-275.064, 72.539, 5.868
-275.024, 72.775, 5.872
-274.981, 73.017, 5.870
-274.965, 73.103, 5.869
-274.932, 73.284, 5.864
-274.887, 73.522, 5.855
-274.836, 73.784, 5.844
-274.817, 73.878, 5.838
-274.779, 74.064, 5.820
-274.717, 74.335, 5.793
-274.655, 74.582, 5.778
-274.634, 74.665, 5.772
-274.586, 74.848, 5.762
-274.514, 75.110, 5.747
-274.427, 75.419, 5.730
-274.383, 75.573, 5.721
-274.314, 75.805, 5.704
-274.290, 75.885, 5.699
-274.241, 76.047, 5.684
-274.138, 76.379, 5.637
-274.086, 76.537, 5.607
-274.000, 76.781, 5.583
-273.884, 77.092, 5.579
-273.825, 77.247, 5.576
-273.730, 77.486, 5.570
-273.629, 77.737, 5.562
-273.591, 77.829, 5.566
-273.529, 77.979, 5.582
-273.433, 78.208, 5.616
-273.312, 78.489, 5.641
-273.270, 78.586, 5.646
-273.188, 78.766, 5.643
-273.109, 78.931, 5.641
-272.992, 79.165, 5.641
-272.870, 79.404, 5.639
-272.744, 79.645, 5.633
-272.706, 79.718, 5.631
-272.663, 79.796, 5.629
-272.559, 79.988, 5.622
-272.443, 80.200, 5.613
-272.282, 80.486, 5.600
-272.150, 80.717, 5.589
-272.007, 80.958, 5.567
-271.958, 81.035, 5.559
-271.859, 81.191, 5.558
-271.764, 81.337, 5.576
-271.615, 81.563, 5.637
-271.494, 81.741, 5.675
-271.422, 81.847, 5.693
-271.357, 81.941, 5.705
-271.227, 82.127, 5.724
-271.110, 82.292, 5.734
-271.004, 82.439, 5.739
-270.850, 82.652, 5.740
-270.771, 82.759, 5.739
-270.690, 82.867, 5.731
-270.601, 82.980, 5.721
-270.450, 83.169, 5.711
-270.314, 83.334, 5.704
-270.093, 83.596, 5.691
-269.853, 83.875, 5.675
-269.715, 84.031, 5.666
-269.589, 84.172, 5.657
-269.206, 84.594, 5.628
-269.136, 84.668, 5.620
-269.042, 84.765, 5.604
-268.830, 84.975, 5.586
-268.672, 85.129, 5.576
-268.509, 85.285, 5.567
-268.291, 85.488, 5.577
-268.207, 85.564, 5.596
-268.029, 85.727, 5.638
-267.834, 85.902, 5.670
-267.658, 86.058, 5.687
-267.485, 86.209, 5.696
-267.286, 86.380, 5.701
-267.068, 86.566, 5.700
-266.973, 86.646, 5.692
-266.749, 86.823, 5.675
-266.522, 86.996, 5.666
-266.394, 87.093, 5.660
-266.156, 87.268, 5.649
-265.947, 87.419, 5.639
-265.833, 87.500, 5.633
-265.610, 87.657, 5.620
-265.398, 87.804, 5.609
-265.281, 87.884, 5.602
-265.162, 87.965, 5.595
-265.016, 88.063, 5.587
-264.888, 88.147, 5.573
-264.636, 88.305, 5.555
-264.517, 88.379, 5.554
-264.388, 88.458, 5.566
-264.232, 88.552, 5.595
-264.055, 88.658, 5.652
-263.930, 88.731, 5.700
-263.653, 88.892, 5.779
-263.520, 88.968, 5.805
-263.388, 89.043, 5.826
-263.250, 89.121, 5.841
-263.091, 89.210, 5.854
-262.804, 89.366, 5.856
-262.650, 89.448, 5.853
-262.512, 89.519, 5.847
-262.343, 89.605, 5.839
-262.052, 89.752, 5.811
-261.819, 89.868, 5.806
-261.704, 89.923, 5.804
-261.457, 90.043, 5.797
-261.204, 90.164, 5.786
-261.085, 90.220, 5.781
-260.819, 90.343, 5.764
-260.566, 90.456, 5.748
-260.437, 90.513, 5.741
-260.293, 90.575, 5.732
-260.003, 90.699, 5.715
-259.875, 90.753, 5.706
-259.739, 90.810, 5.697
-259.587, 90.873, 5.686
-259.418, 90.943, 5.670
-259.250, 91.012, 5.642
-258.966, 91.127, 5.608
-258.714, 91.225, 5.595
-258.593, 91.271, 5.591
-258.454, 91.324, 5.586
-258.322, 91.373, 5.580
-258.192, 91.421, 5.574
-257.892, 91.532, 5.556
-257.747, 91.584, 5.542
-257.556, 91.653, 5.543
-257.399, 91.709, 5.564
-257.225, 91.770, 5.593
-257.042, 91.834, 5.635
-256.869, 91.894, 5.677
-256.494, 92.019, 5.730
-256.346, 92.067, 5.741
-256.142, 92.133, 5.753
-255.958, 92.191, 5.762
-255.774, 92.249, 5.768
-255.474, 92.342, 5.771
-255.177, 92.433, 5.765
-255.045, 92.473, 5.761
-254.887, 92.520, 5.755
-254.751, 92.561, 5.748
-254.402, 92.660, 5.727
-254.199, 92.717, 5.717
-254.014, 92.767, 5.708
-253.848, 92.812, 5.700
-253.691, 92.854, 5.690
-253.396, 92.932, 5.666
-253.098, 93.009, 5.645
-252.952, 93.047, 5.632
-252.792, 93.087, 5.618
-252.597, 93.137, 5.605
-252.452, 93.172, 5.597
-252.071, 93.262, 5.579
-251.895, 93.302, 5.572
-251.712, 93.343, 5.562
-251.538, 93.382, 5.554
-251.368, 93.419, 5.537
-251.046, 93.489, 5.526
-250.908, 93.519, 5.549
-250.761, 93.550, 5.600
-250.628, 93.578, 5.662
-250.334, 93.639, 5.789
-250.178, 93.670, 5.837
-250.026, 93.700, 5.877
-249.872, 93.729, 5.908
-249.568, 93.785, 5.952
-249.279, 93.837, 5.976
-249.112, 93.867, 5.983
-248.955, 93.894, 5.986
-248.654, 93.946, 5.986
-248.368, 93.994, 5.979
-248.226, 94.018, 5.974
-248.071, 94.042, 5.965
-247.913, 94.066, 5.956
-247.626, 94.108, 5.940
-247.483, 94.129, 5.931
-247.325, 94.151, 5.921
-247.178, 94.171, 5.911
-246.897, 94.209, 5.892
-246.608, 94.247, 5.872
-246.469, 94.265, 5.862
-246.187, 94.301, 5.842
-245.899, 94.335, 5.820
-245.747, 94.352, 5.808
-245.596, 94.368, 5.798
-245.287, 94.400, 5.776
-245.021, 94.426, 5.758
-244.748, 94.451, 5.740
-244.609, 94.464, 5.731
-244.336, 94.488, 5.714
-244.073, 94.510, 5.697
-243.935, 94.522, 5.689
-243.803, 94.533, 5.681
-243.668, 94.543, 5.671
-243.392, 94.562, 5.655
-243.105, 94.581, 5.638
-242.977, 94.589, 5.631
-242.707, 94.604, 5.616
-242.577, 94.612, 5.609
-242.444, 94.619, 5.602
-242.294, 94.627, 5.594
-241.998, 94.642, 5.577
-241.867, 94.648, 5.569
-241.730, 94.655, 5.562
-241.589, 94.661, 5.554
-241.311, 94.673, 5.546
-241.180, 94.678, 5.555
-241.028, 94.683, 5.582
-240.883, 94.688, 5.621
-240.599, 94.698, 5.699
-240.327, 94.706, 5.751
-240.186, 94.711, 5.769
-239.915, 94.718, 5.795
-239.777, 94.722, 5.803
-239.636, 94.726, 5.808
-239.482, 94.729, 5.812
-239.335, 94.733, 5.813
-239.003, 94.740, 5.810
-238.705, 94.745, 5.801
-238.561, 94.748, 5.796
-238.284, 94.753, 5.784
-238.138, 94.755, 5.777
-237.979, 94.758, 5.768
-237.823, 94.760, 5.760
-237.540, 94.764, 5.742
-237.266, 94.767, 5.727
-237.125, 94.769, 5.718
-236.851, 94.772, 5.703
-236.716, 94.773, 5.695
-236.574, 94.775, 5.687
-236.437, 94.776, 5.679
-236.270, 94.777, 5.669
-235.949, 94.780, 5.644
-235.793, 94.781, 5.628
-235.634, 94.782, 5.613
-235.487, 94.784, 5.600
-235.328, 94.785, 5.587
-235.004, 94.787, 5.552
-234.866, 94.787, 5.543
-234.696, 94.788, 5.541
-234.537, 94.789, 5.544
-234.378, 94.790, 5.566
-234.088, 94.791, 5.656
-233.787, 94.793, 5.745
-233.638, 94.793, 5.778
-233.472, 94.794, 5.808
-233.314, 94.795, 5.828
-233.016, 94.796, 5.853
-232.859, 94.796, 5.861
-232.704, 94.797, 5.866
-232.555, 94.797, 5.868
-232.244, 94.798, 5.867
-231.971, 94.799, 5.860
-231.827, 94.799, 5.855
-231.666, 94.799, 5.849
-231.369, 94.800, 5.835
-231.085, 94.801, 5.820
-230.948, 94.801, 5.813
-230.803, 94.801, 5.804
-230.660, 94.802, 5.796
-230.359, 94.802, 5.777
-230.220, 94.802, 5.769
-230.078, 94.803, 5.760
-229.922, 94.803, 5.749
-229.638, 94.803, 5.731
-229.488, 94.804, 5.721
-229.351, 94.804, 5.712
-229.212, 94.804, 5.703
-228.930, 94.804, 5.686
-228.786, 94.805, 5.677
-228.642, 94.805, 5.668
-228.482, 94.805, 5.657
-228.201, 94.806, 5.638
-227.919, 94.806, 5.621
-227.791, 94.806, 5.613
-227.519, 94.806, 5.599
-227.238, 94.807, 5.584
-227.108, 94.807, 5.578
-226.809, 94.807, 5.561
-226.542, 94.808, 5.548
-226.412, 94.808, 5.548
-226.137, 94.808, 5.580
-226.007, 94.808, 5.603
-225.860, 94.808, 5.624
-225.720, 94.809, 5.640
-225.440, 94.809, 5.661
-225.310, 94.809, 5.667
-225.132, 94.809, 5.673
-224.980, 94.810, 5.673
-224.831, 94.810, 5.672
-224.522, 94.810, 5.662
-224.198, 94.810, 5.644
-224.036, 94.811, 5.629
-223.874, 94.811, 5.615
-223.567, 94.811, 5.596
-223.268, 94.812, 5.577
-223.138, 94.812, 5.572
-222.980, 94.812, 5.568
-222.690, 94.812, 5.555
-222.400, 94.812, 5.550
-222.244, 94.813, 5.561
-222.106, 94.813, 5.585
-221.796, 94.813, 5.647
-221.503, 94.813, 5.687
-221.362, 94.814, 5.701
-221.217, 94.814, 5.713
-221.033, 94.814, 5.722
-220.857, 94.814, 5.719
-220.689, 94.814, 5.710
-220.346, 94.815, 5.711
-220.155, 94.815, 5.711
-219.975, 94.815, 5.709
-219.806, 94.815, 5.703
-219.631, 94.816, 5.691
-219.447, 94.816, 5.668
-219.100, 94.816, 5.645
-218.916, 94.816, 5.640
-218.694, 94.817, 5.626
-218.527, 94.817, 5.615
-218.356, 94.817, 5.598
-218.066, 94.817, 5.576
-217.778, 94.818, 5.569
-217.642, 94.818, 5.564
-217.503, 94.818, 5.560
-217.355, 94.818, 5.555
-217.197, 94.818, 5.548
-217.041, 94.819, 5.544
-216.698, 94.819, 5.599
-216.376, 94.819, 5.718
-216.238, 94.819, 5.759
-215.944, 94.820, 5.825
-215.656, 94.820, 5.866
-215.520, 94.820, 5.879
-215.222, 94.821, 5.897
-214.938, 94.821, 5.903
-214.803, 94.821, 5.903
-214.657, 94.821, 5.902
-214.506, 94.821, 5.899
-214.102, 94.822, 5.885
-213.925, 94.822, 5.876
-213.722, 94.822, 5.866
-213.515, 94.822, 5.854
-213.322, 94.823, 5.843
-213.139, 94.823, 5.832
-212.820, 94.823, 5.811
-212.638, 94.823, 5.799
-212.468, 94.824, 5.785
-212.311, 94.824, 5.771
-212.007, 94.824, 5.744
-211.867, 94.824, 5.735
-211.715, 94.824, 5.726
-211.517, 94.825, 5.714
-211.325, 94.825, 5.703
-211.127, 94.825, 5.693
-210.928, 94.825, 5.682
-210.588, 94.826, 5.662
-210.295, 94.826, 5.641
-210.161, 94.826, 5.632
-209.891, 94.827, 5.617
-209.611, 94.827, 5.603
-209.471, 94.827, 5.595
-209.322, 94.827, 5.587
-209.022, 94.827, 5.564
-208.750, 94.828, 5.549
-208.612, 94.828, 5.543
-208.480, 94.828, 5.543
-208.333, 94.828, 5.554
-208.047, 94.829, 5.621
-207.913, 94.829, 5.661
-207.771, 94.829, 5.697
-207.634, 94.829, 5.722
-207.469, 94.829, 5.718
-207.163, 94.830, 5.587
-206.891, 94.830, 5.347
-206.643, 94.830, 5.030
-206.531, 94.830, 4.864
-206.306, 94.831, 4.486
-206.204, 94.831, 4.294
-206.094, 94.831, 4.070
-206.005, 94.831, 3.876
-205.833, 94.831, 3.461
-205.682, 94.832, 3.042
-205.615, 94.833, 2.835
-205.492, 94.835, 2.411
-205.388, 94.838, 1.990
-205.342, 94.839, 1.773
-205.267, 94.840, 1.358
-205.213, 94.842, 0.974
-205.194, 94.842, 0.719
-205.182, 94.842, 0.010
-205.159, 94.843, 0.311
-205.137, 94.843, 0.497
-205.121, 94.843, 0.608
-205.102, 94.844, 0.739
-205.047, 94.845, 1.159
-204.969, 94.847, 1.542
-204.918, 94.848, 1.727
-204.858, 94.850, 1.911
-204.755, 94.852, 2.184
-204.692, 94.855, 2.327
-204.623, 94.860, 2.472
-204.546, 94.866, 2.627
-204.405, 94.877, 2.890
-204.337, 94.882, 3.006
-204.264, 94.888, 3.128
-204.179, 94.896, 3.263
-204.017, 94.910, 3.508
-203.903, 94.920, 3.669
-203.751, 94.935, 3.873
-203.626, 94.947, 4.033
-203.493, 94.960, 4.195
-203.356, 94.974, 4.355
-203.101, 95.001, 4.637
-202.859, 95.033, 4.864
-202.740, 95.053, 4.976
-202.608, 95.076, 5.102
-202.488, 95.099, 5.217
-202.221, 95.152, 5.464
-202.084, 95.181, 5.585
-201.935, 95.213, 5.714
-201.795, 95.244, 5.822
-201.510, 95.312, 5.983
-201.221, 95.395, 6.062
-201.076, 95.441, 6.099
-200.777, 95.545, 6.161
-200.480, 95.656, 6.204
-200.343, 95.711, 6.203
-200.083, 95.828, 6.181
-199.759, 95.991, 6.181
-199.626, 96.062, 6.183
-199.469, 96.150, 6.182
-199.186, 96.324, 6.127
-198.954, 96.483, 6.100
-198.710, 96.665, 6.084
-198.606, 96.745, 6.077
-198.379, 96.930, 6.064
-198.153, 97.125, 6.048
-198.048, 97.219, 6.040
-197.839, 97.421, 5.980
-197.651, 97.623, 5.940
-197.571, 97.715, 5.929
-197.489, 97.809, 5.920
-197.404, 97.912, 5.911
-197.181, 98.192, 5.889
-197.046, 98.371, 5.876
-196.912, 98.558, 5.861
-196.796, 98.730, 5.824
-196.672, 98.929, 5.795
-196.572, 99.100, 5.781
-196.438, 99.342, 5.766
-196.310, 99.582, 5.765
-196.264, 99.662, 5.758
-196.167, 99.820, 5.735
-196.071, 99.981, 5.722
-195.986, 100.132, 5.697
-195.835, 100.433, 5.620
-195.735, 100.677, 5.536
-195.704, 100.763, 5.523
-195.648, 100.935, 5.525
-195.599, 101.098, 5.562
-195.529, 101.359, 5.663
-195.469, 101.608, 5.801
-195.426, 101.800, 5.890
-195.409, 101.884, 5.924
-195.388, 101.986, 5.959
-195.354, 102.162, 6.011
-195.338, 102.254, 6.033
-195.322, 102.349, 6.053
-195.270, 102.681, 6.101
-195.237, 102.928, 6.122
-195.222, 103.053, 6.129
-195.185, 103.414, 6.140
-195.166, 103.601, 6.143
-195.158, 103.687, 6.142
-195.148, 103.805, 6.139
-195.129, 104.038, 6.130
-195.111, 104.290, 6.117
-195.095, 104.541, 6.102
-195.083, 104.775, 6.086
-195.074, 104.986, 6.071
-195.064, 105.272, 6.049
-195.054, 105.541, 6.030
-195.051, 105.632, 6.023
-195.045, 105.836, 6.006
-195.038, 106.098, 5.985
-195.033, 106.355, 5.963
-195.031, 106.457, 5.955
-195.028, 106.626, 5.941
-195.025, 106.887, 5.920
-195.022, 107.148, 5.899
-195.021, 107.314, 5.886
-195.020, 107.499, 5.872
-195.018, 107.667, 5.859
-195.017, 107.857, 5.843
-195.016, 108.144, 5.822
-195.015, 108.387, 5.804
-195.015, 108.632, 5.787
-195.015, 108.888, 5.769
-195.015, 108.970, 5.763
-195.015, 109.129, 5.752
-195.015, 109.372, 5.735
-195.015, 109.628, 5.716
-195.016, 109.872, 5.693
-195.016, 110.104, 5.672
-195.016, 110.179, 5.664
-195.017, 110.338, 5.650
-195.017, 110.580, 5.627
-195.018, 110.763, 5.614
-195.019, 110.971, 5.608
-195.019, 111.157, 5.602
-195.020, 111.347, 5.596
-195.021, 111.610, 5.586
-195.022, 111.848, 5.576
-195.022, 112.100, 5.565
-195.023, 112.370, 5.554
-195.023, 112.467, 5.550
-195.024, 112.629, 5.549
-195.025, 112.876, 5.578
-195.026, 113.208, 5.637
-195.026, 113.375, 5.657
-195.026, 113.630, 5.677
-195.026, 113.860, 5.687
-195.026, 114.090, 5.692
-195.026, 114.322, 5.693
-195.026, 114.553, 5.690
-195.026, 114.784, 5.684
-195.026, 115.012, 5.677
-195.026, 115.251, 5.668
-195.025, 115.487, 5.657
-195.024, 115.559, 5.652
-195.023, 115.660, 5.648
-195.018, 115.987, 5.633
-195.014, 116.241, 5.621
-195.009, 116.481, 5.610
-195.007, 116.566, 5.603
-195.003, 116.746, 5.596
-194.997, 116.998, 5.582
-194.991, 117.242, 5.571
-194.985, 117.487, 5.541
-194.983, 117.563, 5.540
-194.979, 117.722, 5.527
-194.971, 117.916, 5.528
-194.962, 118.125, 5.584
-194.948, 118.397, 5.683
-194.934, 118.643, 5.753
-194.925, 118.809, 5.788
-194.913, 119.007, 5.819
-194.903, 119.176, 5.839
-194.886, 119.434, 5.858
-194.863, 119.774, 5.870
-194.851, 119.943, 5.871
-194.831, 120.206, 5.864
-194.798, 120.553, 5.852
-194.781, 120.728, 5.845
-194.755, 120.981, 5.834
-194.728, 121.228, 5.813
-194.700, 121.477, 5.800
-194.672, 121.723, 5.772
-194.662, 121.806, 5.774
-194.640, 121.992, 5.760
-194.609, 122.240, 5.749
-194.575, 122.500, 5.724
-194.562, 122.587, 5.723
-194.539, 122.743, 5.708
-194.503, 122.972, 5.684
-194.467, 123.201, 5.674
-194.427, 123.441, 5.648
-194.386, 123.687, 5.632
-194.345, 123.921, 5.602
-194.332, 123.999, 5.602
-194.304, 124.157, 5.588
-194.258, 124.408, 5.567
-194.207, 124.681, 5.563
-194.191, 124.761, 5.560
-194.155, 124.934, 5.557
-194.106, 125.164, 5.575
-194.053, 125.405, 5.607
-194.003, 125.626, 5.623
-193.950, 125.856, 5.636
-193.876, 126.171, 5.634
-193.841, 126.318, 5.629
-193.784, 126.551, 5.613
-193.729, 126.778, 5.609
-193.671, 127.001, 5.584
-193.607, 127.235, 5.575
-193.557, 127.417, 5.561
-193.510, 127.582, 5.566
-193.463, 127.742, 5.569
-193.397, 127.969, 5.566
-193.330, 128.194, 5.564
-193.261, 128.423, 5.546
-193.165, 128.733, 5.544
-193.115, 128.893, 5.572
-193.043, 129.118, 5.627
-192.969, 129.340, 5.671
-192.891, 129.565, 5.718
-192.807, 129.803, 5.740
-192.781, 129.876, 5.751
-192.720, 130.047, 5.761
-192.632, 130.287, 5.755
-192.545, 130.523, 5.762
-192.454, 130.765, 5.774
-192.426, 130.839, 5.775
-192.362, 131.007, 5.775
-192.272, 131.237, 5.770
-192.170, 131.489, 5.758
-192.136, 131.569, 5.755
-192.069, 131.731, 5.748
-191.966, 131.973, 5.738
-191.862, 132.212, 5.713
-191.827, 132.292, 5.710
-191.763, 132.438, 5.704
-191.660, 132.670, 5.696
-191.561, 132.889, 5.686
-191.463, 133.105, 5.673
-191.363, 133.322, 5.660
-191.327, 133.397, 5.649
-191.255, 133.547, 5.633
-191.171, 133.717, 5.627
-191.052, 133.956, 5.615
-190.944, 134.170, 5.603
-190.775, 134.498, 5.587
-190.697, 134.647, 5.580
-190.621, 134.792, 5.572
-190.497, 135.026, 5.560
-190.377, 135.251, 5.552
-190.260, 135.462, 5.549
-190.137, 135.678, 5.593
-190.099, 135.744, 5.599
-190.012, 135.895, 5.624
-189.876, 136.126, 5.665
-189.741, 136.353, 5.702
-189.696, 136.430, 5.708
-189.610, 136.572, 5.718
-189.476, 136.793, 5.727
-189.349, 137.001, 5.714
-189.217, 137.214, 5.704
-189.082, 137.424, 5.680
-188.950, 137.625, 5.672
-188.818, 137.825, 5.653
-188.770, 137.896, 5.656
-188.672, 138.041, 5.650
-188.530, 138.250, 5.651
-188.340, 138.526, 5.640
-188.245, 138.663, 5.627
-188.101, 138.869, 5.593
-187.956, 139.073, 5.572
-187.903, 139.146, 5.550
-187.802, 139.283, 5.525
-187.649, 139.487, 5.549
-187.495, 139.690, 5.625
-187.444, 139.757, 5.652
-187.326, 139.910, 5.703
-187.215, 140.053, 5.739
-187.054, 140.259, 5.777
-186.943, 140.401, 5.794
-186.799, 140.583, 5.808
-186.687, 140.723, 5.814
-186.559, 140.878, 5.811
-186.386, 141.084, 5.809
-186.214, 141.286, 5.803
-186.159, 141.351, 5.801
-186.042, 141.486, 5.795
-185.918, 141.628, 5.787
-185.740, 141.831, 5.775
-185.563, 142.030, 5.758
-185.390, 142.223, 5.736
-185.333, 142.287, 5.723
-185.277, 142.349, 5.715
-185.069, 142.572, 5.695
-184.929, 142.720, 5.686
-184.771, 142.885, 5.677
-184.685, 142.973, 5.671
-184.505, 143.157, 5.659
-184.338, 143.326, 5.648
-184.149, 143.516, 5.635
-183.992, 143.672, 5.623
-183.841, 143.821, 5.613
-183.768, 143.892, 5.608
-183.658, 144.000, 5.600
-183.545, 144.111, 5.592
-183.380, 144.267, 5.576
-183.202, 144.432, 5.564
-183.050, 144.571, 5.555
-182.810, 144.788, 5.568
-182.498, 145.065, 5.647
-182.348, 145.197, 5.672
-182.199, 145.327, 5.690
-182.055, 145.453, 5.702
-181.833, 145.644, 5.711
-181.686, 145.768, 5.709
-181.609, 145.833, 5.707
-181.534, 145.894, 5.705
-181.457, 145.957, 5.703
-181.268, 146.109, 5.698
-180.867, 146.427, 5.681
-180.788, 146.489, 5.677
-180.706, 146.553, 5.673
-180.546, 146.677, 5.664
-180.396, 146.792, 5.655
-180.233, 146.916, 5.645
-180.068, 147.041, 5.635
-179.836, 147.217, 5.621
-179.609, 147.381, 5.601
-179.530, 147.437, 5.596
-179.372, 147.549, 5.586
-179.214, 147.659, 5.577
-179.045, 147.776, 5.568
-178.802, 147.942, 5.555
-178.645, 148.049, 5.554
-178.566, 148.101, 5.562
-178.479, 148.160, 5.576
-178.311, 148.272, 5.607
-178.147, 148.381, 5.628
-177.978, 148.491, 5.644
-177.818, 148.596, 5.654
-177.562, 148.758, 5.654
-177.400, 148.858, 5.655
-177.216, 148.970, 5.653
-177.028, 149.082, 5.649
-176.869, 149.177, 5.644
-176.683, 149.286, 5.638
-176.440, 149.428, 5.628
-176.264, 149.529, 5.619
-176.178, 149.579, 5.615
-176.079, 149.635, 5.610
-175.905, 149.734, 5.601
-175.738, 149.828, 5.593
-175.551, 149.930, 5.578
-175.360, 150.032, 5.567
-175.143, 150.145, 5.557
-174.918, 150.260, 5.564
-174.715, 150.363, 5.597
-174.523, 150.460, 5.623
-174.314, 150.564, 5.641
-174.118, 150.660, 5.651
-173.997, 150.719, 5.655
-173.777, 150.825, 5.658
-173.579, 150.920, 5.657
-173.360, 151.022, 5.647
-173.137, 151.121, 5.640
-172.935, 151.210, 5.633
-172.717, 151.304, 5.625
-172.489, 151.401, 5.615
-172.294, 151.483, 5.607
-172.105, 151.562, 5.598
-171.897, 151.647, 5.588
-171.683, 151.735, 5.577
-171.483, 151.815, 5.567
-171.284, 151.894, 5.555
-171.091, 151.966, 5.546
-170.885, 152.042, 5.561
-170.688, 152.114, 5.608
-170.476, 152.189, 5.668
-170.178, 152.293, 5.726
-169.979, 152.361, 5.752
-169.771, 152.432, 5.769
-169.579, 152.496, 5.779
-169.386, 152.560, 5.784
-169.205, 152.620, 5.785
-168.905, 152.713, 5.776
-168.605, 152.802, 5.767
-168.504, 152.831, 5.763
-168.411, 152.858, 5.759
-168.095, 152.947, 5.745
-167.783, 153.033, 5.730
-167.669, 153.064, 5.724
-167.567, 153.091, 5.718
-167.349, 153.149, 5.706
-167.127, 153.207, 5.694
-166.891, 153.267, 5.680
-166.581, 153.342, 5.657
-166.385, 153.386, 5.646
-166.284, 153.409, 5.640
-166.173, 153.433, 5.634
-165.953, 153.481, 5.622
-165.752, 153.523, 5.612
-165.555, 153.564, 5.602
-165.345, 153.606, 5.591
-165.112, 153.652, 5.579
-164.897, 153.694, 5.568
-164.689, 153.733, 5.558
-164.472, 153.773, 5.549
-164.271, 153.807, 5.562
-163.981, 153.853, 5.630
-163.677, 153.899, 5.702
-163.570, 153.915, 5.720
-163.365, 153.944, 5.747
-163.147, 153.974, 5.767
-162.946, 154.001, 5.778
-162.731, 154.029, 5.785
-162.537, 154.054, 5.786
-162.327, 154.080, 5.785
-162.011, 154.114, 5.774
-161.749, 154.141, 5.765
-161.544, 154.160, 5.757
-161.432, 154.170, 5.752
-161.282, 154.184, 5.745
-161.140, 154.196, 5.738
-160.961, 154.211, 5.729
-160.658, 154.235, 5.713
-160.370, 154.256, 5.697
-160.220, 154.267, 5.688
-160.049, 154.278, 5.678
-159.757, 154.296, 5.662
-159.500, 154.311, 5.647
-159.280, 154.323, 5.635
-159.038, 154.335, 5.622
-158.790, 154.347, 5.609
-158.553, 154.357, 5.597
-158.319, 154.367, 5.585
-158.203, 154.372, 5.579
-157.980, 154.380, 5.568
-157.758, 154.388, 5.557
-157.514, 154.396, 5.546
-157.296, 154.403, 5.551
-157.071, 154.409, 5.589
-156.837, 154.416, 5.641
-156.589, 154.422, 5.681
-156.353, 154.428, 5.706
-156.119, 154.433, 5.722
-155.883, 154.438, 5.730
-155.645, 154.443, 5.733
-155.410, 154.448, 5.732
-155.169, 154.452, 5.727
-154.924, 154.456, 5.720
-154.797, 154.458, 5.715
-154.580, 154.461, 5.706
-154.342, 154.465, 5.696
-154.097, 154.468, 5.684
-153.831, 154.471, 5.671
-153.627, 154.474, 5.660
-153.416, 154.476, 5.649
-153.205, 154.479, 5.638
-153.063, 154.480, 5.631
-152.898, 154.482, 5.622
-152.728, 154.483, 5.613
-152.457, 154.486, 5.599
-152.197, 154.488, 5.586
-151.982, 154.490, 5.575
-151.762, 154.492, 5.564
-151.539, 154.494, 5.554
-151.318, 154.495, 5.547
-151.098, 154.497, 5.564
-150.878, 154.499, 5.610
-150.646, 154.500, 5.653
-150.416, 154.502, 5.682
-150.176, 154.503, 5.702
-149.954, 154.505, 5.712
-149.730, 154.506, 5.718
-149.499, 154.507, 5.718
-149.259, 154.509, 5.715
-149.014, 154.510, 5.710
-148.797, 154.512, 5.702
-148.564, 154.513, 5.693
-148.342, 154.514, 5.684
-148.123, 154.515, 5.674
-147.896, 154.516, 5.663
-147.765, 154.517, 5.656
-147.616, 154.518, 5.649
-147.474, 154.519, 5.641
-147.349, 154.519, 5.635
-147.037, 154.521, 5.619
-146.752, 154.522, 5.604
-146.512, 154.524, 5.592
-146.260, 154.525, 5.554
-146.007, 154.526, 5.424
-145.904, 154.527, 5.343
-145.620, 154.528, 5.033
-145.406, 154.529, 4.715
-145.199, 154.530, 4.354
-145.099, 154.531, 4.159
-144.932, 154.531, 3.801
-144.795, 154.532, 3.471
-144.671, 154.533, 3.138
-144.552, 154.533, 2.776
-144.441, 154.534, 2.393
-144.354, 154.534, 2.043
-144.284, 154.534, 1.719
-144.221, 154.535, 1.366
-144.177, 154.535, 1.067
-144.144, 154.535, 0.779
-144.123, 154.535, 0.344
-144.112, 154.535, 0.067
-144.087, 154.535, 0.512
-144.061, 154.535, 0.702
-144.026, 154.536, 0.948
-143.983, 154.536, 1.190
-143.931, 154.536, 1.415
-143.870, 154.536, 1.628
-143.766, 154.537, 1.926
-143.651, 154.537, 2.205
-143.600, 154.538, 2.315
-143.549, 154.538, 2.422
-143.438, 154.538, 2.639
-143.306, 154.539, 2.877
-143.175, 154.540, 3.095
-143.042, 154.540, 3.303
-142.905, 154.541, 3.506
-142.756, 154.542, 3.713
-142.607, 154.542, 3.908
-142.435, 154.543, 4.122
-142.266, 154.544, 4.322
-142.178, 154.544, 4.421
-142.064, 154.545, 4.546
-141.977, 154.545, 4.640
-141.796, 154.546, 4.827
-141.578, 154.547, 5.043
-141.362, 154.548, 5.246
-141.132, 154.549, 5.453
-140.851, 154.550, 5.692
-140.728, 154.551, 5.787
-140.477, 154.552, 5.947
-140.228, 154.553, 6.066
-139.983, 154.555, 6.153
-139.650, 154.556, 6.234
-139.499, 154.557, 6.259
-139.186, 154.558, 6.294
-138.890, 154.560, 6.310
-138.713, 154.561, 6.313
-138.396, 154.562, 6.310
-138.104, 154.563, 6.299
-137.951, 154.564, 6.291
-137.646, 154.566, 6.272
-137.505, 154.566, 6.262
-137.350, 154.567, 6.250
-137.151, 154.568, 6.234
-136.848, 154.569, 6.208
-136.542, 154.571, 6.181
-136.407, 154.571, 6.168
-136.126, 154.573, 6.142
-135.829, 154.574, 6.114
-135.675, 154.575, 6.100
-135.391, 154.576, 6.073
-135.136, 154.577, 6.050
-135.016, 154.578, 6.039
-134.830, 154.579, 6.022
-134.674, 154.580, 6.008
-134.376, 154.581, 5.981
-134.115, 154.582, 5.959
-133.863, 154.583, 5.937
-133.738, 154.584, 5.927
-133.427, 154.585, 5.901
-133.188, 154.587, 5.881
-132.964, 154.588, 5.864
-132.727, 154.589, 5.845
-132.480, 154.590, 5.827
-132.263, 154.591, 5.810
-132.038, 154.592, 5.794
-131.710, 154.593, 5.771
-131.470, 154.595, 5.754
-131.219, 154.596, 5.737
-131.100, 154.596, 5.729
-130.875, 154.597, 5.715
-130.652, 154.598, 5.701
-130.422, 154.600, 5.688
-130.184, 154.601, 5.675
-129.938, 154.602, 5.661
-129.719, 154.603, 5.648
-129.548, 154.604, 5.639
-129.385, 154.604, 5.631
-129.240, 154.605, 5.623
-128.975, 154.606, 5.608
-128.709, 154.607, 5.593
-128.443, 154.609, 5.579
-128.337, 154.609, 5.574
-128.103, 154.610, 5.562
-127.867, 154.611, 5.550
-127.618, 154.613, 5.545
-127.467, 154.613, 5.556
-127.336, 154.614, 5.577
-127.194, 154.615, 5.601
-126.921, 154.616, 5.636
-126.657, 154.617, 5.657
-126.521, 154.618, 5.664
-126.303, 154.619, 5.670
-126.040, 154.619, 5.669
-125.804, 154.620, 5.667
-125.577, 154.622, 5.663
-125.347, 154.623, 5.657
-125.119, 154.624, 5.649
-124.877, 154.625, 5.640
-124.653, 154.627, 5.631
-124.437, 154.628, 5.622
-124.215, 154.629, 5.611
-123.997, 154.630, 5.601
-123.773, 154.631, 5.591
-123.553, 154.632, 5.580
-123.323, 154.633, 5.569
-123.090, 154.634, 5.557
-122.865, 154.635, 5.547
-122.639, 154.636, 5.550
-122.416, 154.637, 5.584
-122.176, 154.638, 5.634
-121.953, 154.639, 5.667
-121.732, 154.641, 5.690
-121.510, 154.642, 5.704
-121.294, 154.643, 5.712
-121.081, 154.644, 5.715
-120.819, 154.645, 5.714
-120.697, 154.646, 5.713
-120.504, 154.646, 5.708
-120.345, 154.647, 5.703
-120.038, 154.649, 5.692
-119.909, 154.649, 5.687
-119.716, 154.650, 5.678
-119.551, 154.651, 5.671
-119.254, 154.652, 5.656
-119.147, 154.653, 5.651
-118.985, 154.654, 5.643
-118.821, 154.654, 5.634
-118.564, 154.655, 5.621
-118.318, 154.657, 5.609
-118.183, 154.657, 5.602
-118.012, 154.658, 5.593
-117.861, 154.659, 5.586
-117.600, 154.660, 5.573
-117.427, 154.661, 5.564
-117.255, 154.662, 5.556
-117.128, 154.662, 5.550
-116.892, 154.663, 5.544
-116.656, 154.664, 5.567
-116.358, 154.666, 5.636
-116.225, 154.666, 5.662
-115.960, 154.668, 5.700
-115.729, 154.669, 5.722
-115.505, 154.670, 5.734
-115.265, 154.671, 5.741
-115.044, 154.672, 5.743
-114.802, 154.673, 5.740
-114.577, 154.674, 5.735
-114.349, 154.675, 5.728
-114.097, 154.676, 5.718
-113.855, 154.678, 5.707
-113.630, 154.679, 5.697
-113.393, 154.680, 5.685
-113.265, 154.680, 5.678
-113.118, 154.681, 5.671
-112.991, 154.682, 5.664
-112.649, 154.683, 5.646
-112.426, 154.684, 5.634
-112.311, 154.685, 5.628
-111.974, 154.686, 5.610
-111.756, 154.687, 5.599
-111.640, 154.688, 5.593
-111.305, 154.689, 5.576
-111.059, 154.691, 5.564
-110.941, 154.691, 5.558
-110.722, 154.692, 5.548
-110.397, 154.694, 5.564
-110.275, 154.694, 5.588
-110.102, 154.695, 5.625
-109.800, 154.697, 5.671
-109.571, 154.698, 5.693
-109.279, 154.699, 5.708
-109.153, 154.700, 5.712
-109.025, 154.700, 5.714
-108.909, 154.701, 5.715
-108.677, 154.702, 5.713
-108.417, 154.703, 5.708
-108.177, 154.704, 5.701
-107.950, 154.705, 5.693
-107.724, 154.706, 5.683
-107.431, 154.708, 5.670
-107.194, 154.709, 5.658
-107.072, 154.709, 5.652
-106.849, 154.710, 5.641
-106.613, 154.712, 5.629
-106.389, 154.713, 5.618
-106.168, 154.714, 5.606
-105.870, 154.715, 5.591
-105.737, 154.716, 5.585
-105.598, 154.716, 5.578
-105.485, 154.717, 5.572
-105.205, 154.718, 5.559
-105.065, 154.719, 5.552
-104.911, 154.720, 5.546
-104.779, 154.720, 5.548
-104.525, 154.721, 5.582
-104.385, 154.722, 5.608
-104.213, 154.723, 5.634
-104.060, 154.724, 5.651
-103.777, 154.725, 5.671
-103.556, 154.726, 5.680
-103.319, 154.727, 5.684
-103.092, 154.728, 5.684
-102.861, 154.729, 5.680
-102.743, 154.730, 5.677
-102.637, 154.730, 5.675
-102.378, 154.731, 5.666
-102.184, 154.732, 5.659
-101.923, 154.734, 5.648
-101.799, 154.734, 5.642
-101.564, 154.735, 5.631
-101.409, 154.736, 5.624
-101.264, 154.737, 5.617
-100.950, 154.738, 5.602
-100.623, 154.740, 5.586
-100.457, 154.741, 5.578
-100.297, 154.741, 5.570
-100.121, 154.742, 5.562
-99.902, 154.743, 5.552
-99.686, 154.744, 5.545
-99.431, 154.745, 5.567
-99.189, 154.747, 5.611
-98.971, 154.748, 5.655
-98.629, 154.749, 5.694
-98.379, 154.750, 5.710
-98.109, 154.752, 5.725
-97.876, 154.753, 5.732
-97.616, 154.754, 5.733
-97.486, 154.755, 5.732
-97.257, 154.756, 5.728
-97.026, 154.757, 5.721
-96.798, 154.758, 5.713
-96.559, 154.759, 5.703
-96.303, 154.760, 5.691
-96.052, 154.761, 5.679
-95.940, 154.762, 5.674
-95.813, 154.762, 5.667
-95.623, 154.763, 5.657
-95.346, 154.765, 5.643
-95.187, 154.765, 5.634
-95.032, 154.766, 5.626
-94.871, 154.767, 5.618
-94.587, 154.768, 5.603
-94.291, 154.770, 5.588
-94.175, 154.770, 5.582
-93.931, 154.771, 5.570
-93.686, 154.772, 5.558
-93.452, 154.774, 5.548
-93.315, 154.774, 5.547
-93.165, 154.775, 5.558
-93.019, 154.776, 5.583
-92.789, 154.777, 5.621
-92.485, 154.778, 5.654
-92.234, 154.779, 5.669
-92.001, 154.779, 5.676
-91.753, 154.780, 5.679
-91.631, 154.780, 5.678
-91.353, 154.781, 5.674
-91.107, 154.781, 5.668
-90.871, 154.782, 5.660
-90.641, 154.782, 5.651
-90.403, 154.782, 5.640
-90.172, 154.780, 5.630
-89.936, 154.778, 5.619
-89.723, 154.775, 5.608
-89.478, 154.772, 5.597
-89.276, 154.769, 5.587
-89.052, 154.766, 5.576
-88.840, 154.762, 5.566
-88.618, 154.758, 5.556
-88.408, 154.754, 5.546
-88.185, 154.749, 5.547
-87.968, 154.742, 5.578
-87.752, 154.734, 5.622
-87.523, 154.725, 5.657
-87.288, 154.715, 5.681
-87.107, 154.707, 5.693
-86.934, 154.699, 5.701
-86.718, 154.689, 5.706
-86.539, 154.680, 5.706
-86.224, 154.663, 5.703
-85.973, 154.650, 5.697
-85.741, 154.635, 5.686
-85.501, 154.617, 5.676
-85.275, 154.600, 5.667
-85.030, 154.580, 5.656
-84.789, 154.559, 5.644
-84.545, 154.538, 5.632
-84.334, 154.519, 5.622
-84.091, 154.496, 5.610
-83.958, 154.483, 5.603
-83.702, 154.457, 5.588
-83.456, 154.429, 5.575
-83.226, 154.402, 5.564
-83.004, 154.374, 5.554
-82.893, 154.360, 5.552
-82.750, 154.342, 5.560
-82.610, 154.323, 5.579
-82.364, 154.290, 5.611
-82.138, 154.259, 5.630
-81.904, 154.226, 5.641
-81.649, 154.190, 5.647
-81.498, 154.168, 5.648
-81.354, 154.145, 5.645
-81.059, 154.096, 5.639
-80.826, 154.056, 5.633
-80.505, 153.999, 5.623
-80.364, 153.974, 5.618
-80.109, 153.927, 5.608
-79.875, 153.883, 5.598
-79.610, 153.832, 5.586
-79.490, 153.809, 5.580
-79.245, 153.760, 5.567
-78.997, 153.707, 5.554
-78.739, 153.650, 5.550
-78.626, 153.624, 5.558
-78.393, 153.571, 5.606
-78.149, 153.514, 5.668
-77.901, 153.455, 5.713
-77.648, 153.394, 5.743
-77.525, 153.364, 5.752
-77.294, 153.307, 5.764
-77.112, 153.262, 5.769
-76.954, 153.221, 5.768
-76.785, 153.175, 5.766
-76.637, 153.135, 5.764
-76.346, 153.054, 5.756
-76.103, 152.985, 5.747
-75.850, 152.911, 5.736
-75.606, 152.840, 5.724
-75.475, 152.801, 5.717
-75.323, 152.755, 5.709
-75.178, 152.712, 5.701
-75.008, 152.660, 5.692
-74.681, 152.556, 5.669
-74.441, 152.476, 5.655
-74.198, 152.395, 5.642
-74.083, 152.356, 5.635
-73.941, 152.308, 5.628
-73.623, 152.197, 5.610
-73.364, 152.106, 5.595
-73.241, 152.062, 5.588
-73.125, 152.021, 5.582
-72.998, 151.975, 5.575
-72.759, 151.888, 5.560
-72.641, 151.843, 5.553
-72.469, 151.777, 5.546
-72.303, 151.712, 5.549
-72.150, 151.652, 5.561
-71.819, 151.520, 5.646
-71.578, 151.422, 5.703
-71.467, 151.377, 5.723
-71.202, 151.268, 5.757
-71.079, 151.217, 5.767
-70.934, 151.157, 5.777
-70.772, 151.089, 5.783
-70.524, 150.981, 5.782
-70.269, 150.867, 5.780
-70.153, 150.815, 5.777
-70.036, 150.762, 5.774
-69.917, 150.708, 5.770
-69.669, 150.593, 5.759
-69.411, 150.472, 5.747
-69.193, 150.370, 5.735
-69.062, 150.308, 5.727
-68.869, 150.215, 5.716
-68.721, 150.142, 5.704
-68.391, 149.976, 5.682
-68.116, 149.834, 5.663
-68.001, 149.775, 5.656
-67.826, 149.683, 5.647
-67.671, 149.602, 5.638
-67.394, 149.454, 5.614
-67.251, 149.378, 5.603
-67.094, 149.293, 5.586
-66.953, 149.217, 5.564
-66.807, 149.137, 5.546
-66.527, 148.980, 5.511
-66.405, 148.910, 5.525
-66.284, 148.839, 5.559
-66.149, 148.761, 5.614
-65.900, 148.615, 5.737
-65.781, 148.544, 5.787
-65.626, 148.452, 5.840
-65.488, 148.370, 5.877
-65.214, 148.204, 5.929
-64.996, 148.071, 5.953
-64.883, 148.001, 5.958
-64.666, 147.865, 5.966
-64.439, 147.718, 5.967
-64.217, 147.574, 5.963
-63.988, 147.423, 5.954
-63.822, 147.313, 5.945
-63.671, 147.212, 5.936
-63.505, 147.101, 5.925
-63.206, 146.898, 5.903
-63.062, 146.798, 5.888
-62.922, 146.699, 5.876
-62.768, 146.589, 5.863
-62.603, 146.470, 5.850
-62.453, 146.361, 5.837
-62.144, 146.134, 5.810
-62.016, 146.039, 5.799
-61.873, 145.933, 5.786
-61.752, 145.843, 5.775
-61.511, 145.661, 5.753
-61.407, 145.583, 5.744
-61.291, 145.493, 5.732
-61.132, 145.369, 5.719
-60.996, 145.261, 5.709
-60.882, 145.170, 5.699
-60.609, 144.949, 5.675
-60.463, 144.831, 5.662
-60.308, 144.703, 5.651
-60.132, 144.559, 5.636
-60.008, 144.455, 5.625
-59.771, 144.258, 5.599
-59.545, 144.064, 5.574
-59.434, 143.967, 5.564
-59.223, 143.780, 5.549
-59.007, 143.588, 5.558
-58.904, 143.495, 5.584
-58.693, 143.305, 5.672
-58.455, 143.087, 5.749
-58.347, 142.989, 5.773
-58.213, 142.865, 5.795
-57.987, 142.654, 5.815
-57.875, 142.546, 5.819
-57.745, 142.421, 5.821
-57.637, 142.316, 5.819
-57.501, 142.182, 5.813
-57.337, 142.020, 5.798
-57.197, 141.881, 5.795
-56.962, 141.644, 5.785
-56.860, 141.542, 5.778
-56.748, 141.428, 5.770
-56.645, 141.323, 5.761
-56.489, 141.163, 5.749
-56.345, 141.012, 5.736
-56.214, 140.873, 5.726
-56.066, 140.714, 5.716
-55.924, 140.560, 5.706
-55.788, 140.411, 5.696
-55.657, 140.267, 5.686
-55.519, 140.113, 5.676
-55.254, 139.817, 5.652
-55.149, 139.698, 5.642
-55.005, 139.535, 5.627
-54.864, 139.375, 5.612
-54.757, 139.250, 5.598
-54.630, 139.100, 5.585
-54.487, 138.929, 5.572
-54.352, 138.765, 5.561
-54.146, 138.515, 5.536
-54.043, 138.388, 5.525
-53.928, 138.246, 5.521
-53.819, 138.111, 5.527
-53.714, 137.979, 5.559
-53.619, 137.859, 5.613
-53.397, 137.580, 5.780
-53.288, 137.439, 5.838
-53.186, 137.305, 5.883
-53.086, 137.172, 5.919
-52.976, 137.025, 5.950
-52.866, 136.877, 5.972
-52.643, 136.572, 5.994
-52.541, 136.433, 5.994
-52.424, 136.271, 5.996
-52.317, 136.122, 5.995
-52.205, 135.965, 5.990
-52.098, 135.815, 5.979
-51.871, 135.489, 5.944
-51.783, 135.360, 5.937
-51.681, 135.209, 5.927
-51.593, 135.077, 5.916
-51.507, 134.947, 5.906
-51.326, 134.671, 5.881
-51.234, 134.529, 5.868
-51.151, 134.402, 5.856
-51.072, 134.278, 5.846
-50.980, 134.134, 5.834
-50.895, 134.001, 5.821
-50.676, 133.655, 5.796
-50.587, 133.508, 5.783
-50.495, 133.355, 5.770
-50.373, 133.151, 5.750
-50.287, 133.005, 5.735
-50.127, 132.731, 5.702
-50.056, 132.607, 5.693
-49.961, 132.442, 5.684
-49.889, 132.316, 5.679
-49.788, 132.139, 5.670
-49.700, 131.981, 5.662
-49.542, 131.699, 5.634
-49.463, 131.554, 5.614
-49.394, 131.424, 5.600
-49.320, 131.285, 5.588
-49.248, 131.148, 5.576
-49.105, 130.871, 5.552
-49.026, 130.717, 5.535
-48.946, 130.560, 5.518
-48.869, 130.407, 5.514
-48.790, 130.249, 5.530
-48.709, 130.088, 5.561
-48.632, 129.931, 5.610
-48.468, 129.598, 5.785
-48.395, 129.445, 5.844
-48.317, 129.277, 5.899
-48.242, 129.116, 5.940
-48.173, 128.963, 5.969
-48.088, 128.776, 5.996
-47.947, 128.458, 6.023
-47.877, 128.301, 6.029
-47.804, 128.132, 6.032
-47.730, 127.963, 6.029
-47.659, 127.798, 6.023
-47.587, 127.630, 6.013
-47.441, 127.281, 5.974
-47.374, 127.114, 5.955
-47.303, 126.937, 5.933
-47.237, 126.769, 5.912
-47.177, 126.615, 5.897
-47.066, 126.324, 5.880
-47.002, 126.156, 5.870
-46.948, 126.014, 5.859
-46.885, 125.844, 5.846
-46.829, 125.692, 5.832
-46.722, 125.400, 5.811
-46.657, 125.217, 5.798
-46.592, 125.027, 5.790
-46.493, 124.732, 5.775
-46.404, 124.463, 5.755
-46.353, 124.306, 5.737
-46.258, 124.008, 5.710
-46.165, 123.713, 5.688
-46.124, 123.582, 5.679
-46.077, 123.431, 5.671
-45.985, 123.130, 5.648
-45.899, 122.835, 5.618
-45.857, 122.684, 5.608
-45.814, 122.530, 5.596
-45.734, 122.237, 5.574
-45.655, 121.942, 5.554
-45.617, 121.793, 5.544
-45.574, 121.628, 5.537
-45.534, 121.475, 5.540
-45.496, 121.323, 5.564
-45.441, 121.107, 5.633
-45.388, 120.894, 5.708
-45.285, 120.447, 5.808
-45.248, 120.280, 5.833
-45.210, 120.107, 5.851
-45.170, 119.918, 5.862
-45.136, 119.760, 5.863
-45.073, 119.454, 5.865
-45.039, 119.284, 5.861
-45.007, 119.125, 5.854
-44.972, 118.950, 5.844
-44.942, 118.796, 5.834
-44.880, 118.456, 5.803
-44.855, 118.308, 5.795
-44.827, 118.146, 5.787
-44.800, 117.983, 5.777
-44.777, 117.840, 5.769
-44.752, 117.681, 5.761
-44.695, 117.311, 5.742
-44.662, 117.093, 5.730
-44.632, 116.889, 5.721
-44.609, 116.731, 5.714
-44.568, 116.444, 5.698
-44.550, 116.306, 5.688
-44.534, 116.175, 5.680
-44.517, 116.035, 5.674
-44.498, 115.871, 5.665
-44.478, 115.690, 5.651
-44.442, 115.358, 5.630
-44.411, 115.054, 5.613
-44.397, 114.909, 5.603
-44.382, 114.757, 5.592
-44.354, 114.451, 5.566
-44.329, 114.164, 5.548
-44.318, 114.025, 5.547
-44.307, 113.883, 5.559
-44.285, 113.579, 5.612
-44.266, 113.291, 5.650
-44.255, 113.120, 5.666
-44.245, 112.962, 5.672
-44.226, 112.645, 5.672
-44.217, 112.484, 5.671
-44.207, 112.284, 5.673
-44.198, 112.111, 5.673
-44.191, 111.961, 5.669
-44.177, 111.653, 5.658
-44.169, 111.475, 5.647
-44.163, 111.307, 5.628
-44.156, 111.141, 5.612
-44.150, 110.973, 5.595
-44.139, 110.665, 5.570
-44.134, 110.513, 5.566
-44.129, 110.365, 5.561
-44.124, 110.208, 5.554
-44.120, 110.065, 5.548
-44.112, 109.770, 5.564
-44.108, 109.616, 5.591
-44.104, 109.468, 5.621
-44.100, 109.300, 5.649
-44.096, 109.163, 5.666
-44.089, 108.835, 5.700
-44.086, 108.680, 5.705
-44.083, 108.525, 5.709
-44.080, 108.375, 5.712
-44.074, 108.102, 5.719
-44.072, 107.966, 5.721
-44.069, 107.820, 5.722
-44.066, 107.644, 5.720
-44.064, 107.507, 5.716
-44.059, 107.200, 5.705
-44.057, 107.023, 5.695
-44.054, 106.818, 5.682
-44.052, 106.652, 5.668
-44.050, 106.507, 5.628
-44.046, 106.210, 5.458
-44.042, 105.944, 5.208
-44.041, 105.824, 4.885
-44.038, 105.695, 4.579
-44.037, 105.580, 4.300
-44.035, 105.460, 3.973
-44.032, 105.264, 3.361
-44.028, 105.100, 2.731
-44.027, 105.037, 2.445
-44.025, 104.978, 2.142
-44.022, 104.887, 1.558
-44.020, 104.827, 1.002
-44.018, 104.796, 0.351
-44.018, 104.785, 0.038
-44.018, 104.773, 0.228
-44.018, 104.760, 0.432
-44.017, 104.744, 0.607
-44.017, 104.725, 0.784
-44.015, 104.671, 1.188
-44.014, 104.637, 1.358
-44.012, 104.596, 1.528
-44.011, 104.556, 1.672
-44.010, 104.507, 1.824
-44.006, 104.399, 2.116
-44.004, 104.331, 2.274
-44.002, 104.273, 2.400
-44.000, 104.209, 2.531
-43.991, 104.071, 2.785
-43.984, 103.992, 2.925
-43.977, 103.913, 3.058
-43.967, 103.808, 3.228
-43.957, 103.701, 3.391
-43.944, 103.573, 3.578
-43.930, 103.434, 3.769
-43.908, 103.228, 4.037
-43.882, 103.002, 4.308
-43.868, 102.880, 4.447
-43.849, 102.716, 4.627
-43.833, 102.587, 4.763
-43.786, 102.287, 5.032
-43.723, 101.973, 5.322
-43.693, 101.836, 5.449
-43.659, 101.683, 5.586
-43.580, 101.357, 5.852
-43.539, 101.193, 5.958
-43.501, 101.052, 6.023
-43.457, 100.908, 6.066
-43.407, 100.755, 6.108
-43.298, 100.452, 6.193
-43.176, 100.143, 6.262
-43.057, 99.873, 6.251
-42.989, 99.736, 6.244
-42.837, 99.451, 6.242
-42.767, 99.329, 6.242
-42.688, 99.197, 6.241
-42.601, 99.055, 6.238
-42.418, 98.785, 6.179
-42.334, 98.672, 6.162
-42.232, 98.541, 6.150
-42.137, 98.424, 6.141
-42.041, 98.310, 6.132
-41.824, 98.065, 6.115
-41.595, 97.822, 6.095
-41.494, 97.720, 6.086
-41.391, 97.617, 6.076
-41.284, 97.516, 6.050
-41.062, 97.323, 5.982
-40.833, 97.142, 5.954
-40.722, 97.060, 5.945
-40.497, 96.901, 5.930
-40.271, 96.752, 5.917
-40.058, 96.619, 5.903
-39.934, 96.546, 5.882
-39.717, 96.425, 5.858
-39.483, 96.304, 5.840
-39.239, 96.176, 5.839
-39.039, 96.067, 5.823
-38.838, 95.967, 5.783
-38.627, 95.874, 5.720
-38.417, 95.794, 5.668
-38.212, 95.725, 5.647
-38.003, 95.662, 5.648
-37.791, 95.603, 5.682
-37.590, 95.552, 5.740
-37.284, 95.482, 5.823
-37.061, 95.435, 5.863
-36.962, 95.416, 5.876
-36.848, 95.395, 5.889
-36.708, 95.370, 5.901
-36.363, 95.315, 5.918
-36.138, 95.284, 5.922
-36.025, 95.269, 5.922
-35.891, 95.253, 5.920
-35.754, 95.237, 5.917
-35.520, 95.213, 5.913
-35.287, 95.190, 5.906
-35.053, 95.169, 5.895
-34.810, 95.150, 5.882
-34.442, 95.125, 5.860
-34.206, 95.111, 5.845
-33.981, 95.100, 5.830
-33.758, 95.090, 5.815
-33.534, 95.081, 5.802
-33.302, 95.072, 5.787
-33.085, 95.064, 5.772
-32.884, 95.058, 5.759
-32.675, 95.052, 5.745
-32.433, 95.047, 5.730
-32.218, 95.042, 5.716
-31.921, 95.038, 5.697
-31.766, 95.036, 5.688
-31.500, 95.033, 5.672
-31.264, 95.030, 5.658
-30.996, 95.027, 5.643
-30.861, 95.026, 5.635
-30.628, 95.024, 5.622
-30.339, 95.023, 5.606
-30.081, 95.022, 5.593
-29.960, 95.022, 5.587
-29.700, 95.022, 5.573
-29.475, 95.021, 5.562
-29.260, 95.021, 5.552
-29.019, 95.021, 5.546
-28.785, 95.021, 5.569
-28.596, 95.021, 5.613
-28.375, 95.021, 5.664
-28.097, 95.022, 5.708
-27.929, 95.022, 5.725
-27.634, 95.023, 5.745
-27.516, 95.023, 5.750
-27.387, 95.024, 5.753
-27.226, 95.024, 5.755
-27.050, 95.024, 5.754
-26.770, 95.025, 5.750
-26.470, 95.026, 5.741
-26.218, 95.027, 5.731
-25.996, 95.027, 5.721
-25.771, 95.028, 5.710
-25.657, 95.028, 5.704
-25.490, 95.029, 5.696
-25.352, 95.029, 5.688
-25.082, 95.030, 5.674
-24.961, 95.030, 5.668
-24.759, 95.031, 5.657
-24.614, 95.031, 5.649
-24.357, 95.032, 5.635
-24.093, 95.032, 5.621
-23.869, 95.033, 5.609
-23.665, 95.034, 5.598
-23.449, 95.034, 5.587
-23.141, 95.035, 5.572
-22.929, 95.035, 5.561
-22.827, 95.036, 5.556
-22.707, 95.036, 5.551
-22.509, 95.036, 5.544
-22.300, 95.037, 5.557
-22.090, 95.037, 5.593
-21.896, 95.038, 5.625
-21.608, 95.038, 5.656
-21.376, 95.039, 5.670
-21.253, 95.039, 5.675
-20.984, 95.040, 5.681
-20.691, 95.040, 5.680
-20.592, 95.040, 5.679
-20.453, 95.041, 5.676
-20.348, 95.041, 5.673
-20.118, 95.041, 5.667
-19.890, 95.042, 5.658
-19.612, 95.042, 5.647
-19.339, 95.043, 5.635
-19.218, 95.043, 5.629
-18.975, 95.043, 5.618
-18.754, 95.044, 5.607
-18.540, 95.044, 5.597
-18.280, 95.044, 5.584
-18.075, 95.045, 5.574
-17.868, 95.045, 5.564
-17.656, 95.045, 5.554
-17.428, 95.046, 5.548
-17.110, 95.046, 5.586
-16.897, 95.047, 5.633
-16.681, 95.047, 5.669
-16.575, 95.047, 5.682
-16.325, 95.047, 5.705
-16.017, 95.048, 5.721
-15.769, 95.048, 5.726
-15.650, 95.048, 5.726
-15.407, 95.049, 5.724
-15.176, 95.049, 5.719
-14.942, 95.049, 5.712
-14.626, 95.050, 5.699
-14.411, 95.050, 5.690
-14.297, 95.050, 5.685
-14.176, 95.050, 5.679
-14.069, 95.050, 5.673
-13.748, 95.051, 5.657
-13.338, 95.051, 5.636
-13.133, 95.051, 5.625
-12.928, 95.052, 5.615
-12.717, 95.052, 5.604
-12.570, 95.052, 5.596
-12.329, 95.052, 5.584
-12.096, 95.053, 5.573
-11.859, 95.053, 5.561
-11.651, 95.053, 5.551
-11.445, 95.053, 5.545
-11.198, 95.054, 5.564
-10.960, 95.054, 5.616
-10.744, 95.054, 5.658
-10.497, 95.055, 5.692
-10.269, 95.055, 5.711
-10.065, 95.055, 5.722
-9.806, 95.055, 5.729
-9.592, 95.056, 5.730
-9.295, 95.056, 5.727
-9.089, 95.056, 5.722
-8.860, 95.056, 5.714
-8.764, 95.057, 5.710
-8.546, 95.057, 5.701
-8.316, 95.057, 5.691
-7.982, 95.058, 5.675
-7.783, 95.058, 5.665
-7.684, 95.058, 5.660
-7.583, 95.058, 5.654
-7.480, 95.058, 5.649
-7.145, 95.059, 5.632
-6.840, 95.059, 5.616
-6.738, 95.059, 5.610
-6.534, 95.059, 5.600
-6.340, 95.059, 5.590
-6.111, 95.060, 5.579
-5.907, 95.060, 5.568
-5.711, 95.060, 5.559
-5.424, 95.061, 5.548
-5.233, 95.061, 5.558
-5.138, 95.061, 5.572
-5.016, 95.061, 5.593
-4.792, 95.061, 5.623
-4.562, 95.062, 5.644
-4.433, 95.062, 5.652
-4.092, 95.062, 5.663
-3.757, 95.062, 5.665
-3.658, 95.063, 5.664
-3.448, 95.063, 5.660
-3.251, 95.063, 5.655
-3.033, 95.063, 5.648
-2.835, 95.064, 5.641
-2.631, 95.064, 5.632
-2.330, 95.064, 5.619
-2.130, 95.064, 5.610
-2.032, 95.064, 5.606
-1.918, 95.065, 5.600
-1.819, 95.065, 5.596
-1.504, 95.065, 5.581
-1.212, 95.065, 5.567
-1.114, 95.065, 5.563
-0.918, 95.066, 5.553
-0.697, 95.066, 5.547
-0.493, 95.066, 5.562
-0.286, 95.066, 5.603
-0.069, 95.067, 5.642
0.147, 95.067, 5.669
0.375, 95.067, 5.688
0.596, 95.067, 5.699
0.805, 95.068, 5.705
1.125, 95.068, 5.706
1.437, 95.068, 5.700
1.533, 95.069, 5.698
1.650, 95.069, 5.695
1.875, 95.069, 5.687
2.203, 95.069, 5.673
2.302, 95.069, 5.669
2.450, 95.070, 5.662
2.585, 95.070, 5.656
2.854, 95.070, 5.643
3.088, 95.070, 5.631
3.292, 95.071, 5.621
3.509, 95.071, 5.610
3.713, 95.071, 5.599
3.940, 95.071, 5.588
4.157, 95.072, 5.577
4.409, 95.072, 5.565
4.619, 95.072, 5.555
4.936, 95.072, 5.552
5.138, 95.073, 5.580
5.342, 95.073, 5.619
5.437, 95.073, 5.634
5.680, 95.073, 5.664
5.984, 95.074, 5.685
6.286, 95.074, 5.695
6.381, 95.074, 5.696
6.600, 95.074, 5.696
6.838, 95.075, 5.693
7.045, 95.075, 5.688
7.268, 95.075, 5.681
7.490, 95.075, 5.673
7.704, 95.076, 5.664
7.907, 95.076, 5.655
8.198, 95.076, 5.642
8.389, 95.076, 5.632
8.484, 95.077, 5.628
8.575, 95.077, 5.623
8.761, 95.077, 5.614
8.957, 95.077, 5.604
9.145, 95.077, 5.595
9.345, 95.077, 5.585
9.586, 95.078, 5.573
9.857, 95.078, 5.560
10.090, 95.078, 5.550
10.340, 95.079, 5.555
10.575, 95.079, 5.598
10.784, 95.079, 5.651
10.999, 95.079, 5.693
11.211, 95.080, 5.722
11.427, 95.080, 5.743
11.625, 95.080, 5.755
11.852, 95.080, 5.763
12.155, 95.081, 5.765
12.450, 95.081, 5.761
12.545, 95.081, 5.759
12.650, 95.081, 5.756
12.904, 95.082, 5.747
13.166, 95.082, 5.736
13.431, 95.082, 5.724
13.554, 95.082, 5.717
13.784, 95.082, 5.706
14.092, 95.083, 5.650
14.314, 95.083, 5.524
14.491, 95.083, 5.375
14.749, 95.084, 5.067
15.066, 95.086, 4.566
15.228, 95.089, 4.262
15.370, 95.093, 3.970
15.523, 95.097, 3.614
15.658, 95.101, 3.263
15.770, 95.105, 2.938
15.886, 95.109, 2.555
15.979, 95.114, 2.201
16.055, 95.121, 1.865
16.115, 95.126, 1.562
16.171, 95.132, 1.222
16.208, 95.136, 0.936
16.241, 95.139, 0.391
16.252, 95.141, 0.068
16.271, 95.142, 0.248
16.290, 95.144, 0.531
16.302, 95.145, 0.688
16.330, 95.148, 0.900
16.365, 95.152, 1.144
16.409, 95.157, 1.364
16.493, 95.166, 1.680
16.584, 95.176, 1.949
16.617, 95.180, 2.036
16.689, 95.188, 2.210
16.766, 95.197, 2.382
16.891, 95.212, 2.635
16.987, 95.223, 2.812
17.093, 95.236, 2.998
17.204, 95.250, 3.179
17.312, 95.264, 3.348
17.437, 95.281, 3.529
17.573, 95.304, 3.701
17.703, 95.330, 3.871
17.860, 95.364, 4.073
18.063, 95.411, 4.322
18.239, 95.453, 4.527
18.396, 95.492, 4.701
18.639, 95.556, 4.958
18.837, 95.610, 5.146
18.924, 95.637, 5.218
19.021, 95.669, 5.292
19.191, 95.729, 5.437
19.410, 95.813, 5.636
19.604, 95.891, 5.808
19.789, 95.969, 5.950
19.977, 96.054, 6.041
20.175, 96.154, 6.099
20.479, 96.325, 6.194
20.749, 96.490, 6.260
20.839, 96.548, 6.277
21.015, 96.666, 6.293
21.175, 96.784, 6.271
21.427, 96.987, 6.257
21.639, 97.174, 6.259
21.720, 97.249, 6.259
21.861, 97.383, 6.258
22.003, 97.525, 6.254
22.207, 97.740, 6.244
22.403, 97.960, 6.203
22.466, 98.038, 6.178
22.584, 98.190, 6.148
22.693, 98.340, 6.129
22.856, 98.577, 6.109
23.006, 98.812, 6.091
23.151, 99.052, 6.084
23.199, 99.130, 6.085
23.249, 99.209, 6.080
23.439, 99.517, 6.039
23.534, 99.688, 5.988
23.576, 99.773, 5.956
23.615, 99.854, 5.924
23.691, 100.029, 5.869
23.759, 100.201, 5.843
23.855, 100.472, 5.820
23.910, 100.644, 5.812
23.938, 100.737, 5.807
23.966, 100.832, 5.801
24.016, 101.016, 5.798
24.061, 101.191, 5.793
24.123, 101.459, 5.783
24.171, 101.686, 5.771
24.198, 101.828, 5.764
24.242, 102.074, 5.752
24.290, 102.383, 5.736
24.313, 102.549, 5.727
24.335, 102.720, 5.718
24.357, 102.898, 5.713
24.387, 103.162, 5.699
24.414, 103.432, 5.685
24.423, 103.529, 5.675
24.438, 103.699, 5.667
24.460, 103.975, 5.651
24.478, 104.235, 5.636
24.483, 104.323, 5.633
24.496, 104.560, 5.617
24.507, 104.794, 5.607
24.516, 104.985, 5.599
24.525, 105.184, 5.589
24.536, 105.463, 5.576
24.543, 105.671, 5.566
24.549, 105.882, 5.556
24.554, 106.068, 5.559
24.558, 106.254, 5.582
24.563, 106.539, 5.630
24.566, 106.729, 5.653
24.567, 106.816, 5.661
24.569, 106.911, 5.669
24.571, 107.090, 5.679
24.574, 107.272, 5.685
24.577, 107.554, 5.688
24.579, 107.750, 5.687
24.579, 107.859, 5.686
24.580, 107.983, 5.683
24.581, 108.195, 5.678
24.582, 108.392, 5.671
24.583, 108.593, 5.664
24.583, 108.831, 5.654
24.583, 109.038, 5.645
24.584, 109.327, 5.631
24.584, 109.713, 5.613
24.584, 109.805, 5.608
24.584, 110.034, 5.597
24.583, 110.590, 5.570
24.583, 110.825, 5.559
24.583, 110.912, 5.555
24.582, 111.007, 5.551
24.582, 111.092, 5.548
24.582, 111.305, 5.559
24.582, 111.536, 5.598
24.581, 111.776, 5.630
24.580, 112.088, 5.656
24.580, 112.273, 5.664
24.579, 112.402, 5.668
24.579, 112.543, 5.670
24.579, 112.657, 5.671
24.578, 112.896, 5.670
24.578, 113.117, 5.666
24.577, 113.332, 5.660
24.577, 113.559, 5.652
24.576, 113.789, 5.644
24.575, 114.026, 5.634
24.575, 114.267, 5.623
24.574, 114.514, 5.612
24.574, 114.753, 5.600
24.573, 114.953, 5.591
24.573, 115.225, 5.578
24.572, 115.439, 5.568
24.572, 115.635, 5.558
24.572, 115.813, 5.550
24.571, 116.020, 5.551
24.571, 116.201, 5.572
24.570, 116.503, 5.618
24.570, 116.881, 5.650
24.569, 117.063, 5.659
24.569, 117.247, 5.663
24.569, 117.519, 5.665
24.568, 117.789, 5.662
24.568, 117.880, 5.660
24.568, 118.065, 5.654
24.568, 118.253, 5.647
24.567, 118.532, 5.637
24.567, 118.825, 5.625
24.567, 118.912, 5.622
24.567, 119.077, 5.615
24.566, 119.335, 5.603
24.566, 119.697, 5.581
24.566, 119.872, 5.558
24.566, 120.071, 5.546
24.565, 120.347, 5.553
24.565, 120.616, 5.606
24.565, 120.699, 5.624
24.565, 120.867, 5.650
24.565, 121.147, 5.686
24.565, 121.417, 5.712
24.565, 121.507, 5.718
24.564, 121.677, 5.727
24.564, 121.850, 5.732
24.564, 122.140, 5.733
24.564, 122.420, 5.730
24.564, 122.507, 5.728
24.564, 122.688, 5.723
24.564, 122.865, 5.714
24.563, 123.143, 5.699
24.563, 123.415, 5.688
24.563, 123.504, 5.685
24.563, 123.691, 5.676
24.563, 123.899, 5.667
24.563, 124.149, 5.655
24.563, 124.407, 5.642
24.563, 124.754, 5.624
24.563, 124.934, 5.615
24.562, 125.180, 5.603
24.562, 125.366, 5.594
24.562, 125.556, 5.584
24.562, 125.730, 5.576
24.562, 125.922, 5.566
24.562, 126.199, 5.553
24.562, 126.380, 5.547
24.562, 126.572, 5.556
24.562, 126.756, 5.582
24.562, 126.935, 5.607
24.561, 127.548, 5.648
24.561, 127.723, 5.652
24.561, 127.992, 5.653
24.561, 128.262, 5.649
24.561, 128.352, 5.647
24.561, 128.529, 5.642
24.561, 128.704, 5.633
24.561, 128.968, 5.605
24.560, 129.234, 5.565
24.561, 129.326, 5.548
24.561, 129.505, 5.517
24.560, 129.679, 5.499
24.560, 129.863, 5.521
24.560, 130.091, 5.616
24.560, 130.406, 5.743
24.560, 130.656, 5.813
24.560, 130.755, 5.834
24.560, 131.056, 5.883
24.560, 131.235, 5.902
24.560, 131.509, 5.920
24.560, 131.763, 5.927
24.559, 131.993, 5.928
24.559, 132.203, 5.925
24.559, 132.390, 5.920
24.559, 132.673, 5.909
24.559, 132.985, 5.893
24.559, 133.096, 5.887
24.559, 133.211, 5.880
24.559, 133.491, 5.863
24.559, 133.744, 5.847
24.559, 133.959, 5.833
24.559, 134.177, 5.818
24.558, 134.521, 5.795
24.558, 134.823, 5.775
24.558, 134.915, 5.769
24.558, 135.103, 5.757
24.558, 135.295, 5.744
24.558, 135.485, 5.732
24.558, 135.777, 5.713
24.558, 135.979, 5.700
24.558, 136.172, 5.688
24.558, 136.365, 5.677
24.558, 136.544, 5.666
24.557, 136.747, 5.654
24.557, 137.017, 5.639
24.557, 137.282, 5.624
24.557, 137.374, 5.619
24.557, 137.555, 5.609
24.557, 137.738, 5.599
24.557, 138.008, 5.585
24.557, 138.218, 5.574
24.557, 138.423, 5.564
24.557, 138.620, 5.554
24.557, 138.798, 5.548
24.557, 139.071, 5.566
24.556, 139.438, 5.644
24.556, 139.614, 5.672
24.556, 139.878, 5.701
24.556, 140.049, 5.713
24.556, 140.213, 5.721
24.556, 140.386, 5.726
24.556, 140.647, 5.728
24.556, 140.904, 5.725
24.556, 140.993, 5.724
24.556, 141.165, 5.720
24.556, 141.349, 5.713
24.555, 141.635, 5.702
24.555, 141.917, 5.689
24.555, 141.999, 5.685
24.555, 142.174, 5.677
24.555, 142.365, 5.667
24.555, 142.614, 5.655
24.555, 142.874, 5.641
24.555, 143.135, 5.628
24.555, 143.237, 5.622
24.555, 143.405, 5.614
24.555, 143.599, 5.604
24.555, 143.854, 5.591
24.554, 144.111, 5.578
24.554, 144.357, 5.565
24.554, 144.589, 5.555
24.554, 144.667, 5.549
24.554, 144.845, 5.548
24.554, 145.099, 5.574
24.554, 145.443, 5.624
24.554, 145.609, 5.632
24.554, 145.862, 5.639
24.554, 146.112, 5.624
24.554, 146.197, 5.630
24.554, 146.365, 5.621
24.553, 146.615, 5.601
24.553, 146.902, 5.619
24.553, 146.989, 5.622
24.553, 147.156, 5.626
24.553, 147.422, 5.629
24.553, 147.679, 5.627
24.553, 147.777, 5.625
24.553, 147.954, 5.621
24.553, 148.392, 5.608
24.553, 148.674, 5.597
24.553, 148.756, 5.594
24.553, 148.932, 5.587
24.552, 149.184, 5.576
24.552, 149.431, 5.565
24.552, 149.515, 5.563
24.552, 149.676, 5.555
24.552, 149.924, 5.534
24.552, 150.169, 5.540
24.552, 150.490, 5.602
24.552, 150.658, 5.647
24.552, 150.914, 5.684
24.552, 151.259, 5.758
24.552, 151.428, 5.786
24.551, 151.681, 5.816
24.551, 152.056, 5.840
24.551, 152.242, 5.844
24.551, 152.496, 5.846
24.551, 152.748, 5.842
24.551, 153.090, 5.830
24.551, 153.271, 5.821
24.551, 153.517, 5.809
24.551, 153.768, 5.781
24.550, 154.120, 5.756
24.550, 154.290, 5.750
24.550, 154.547, 5.733
24.550, 154.800, 5.718
24.550, 154.878, 5.704
24.550, 155.048, 5.687
24.550, 155.305, 5.664
24.550, 155.646, 5.623
24.550, 155.809, 5.608
24.550, 156.054, 5.578
24.550, 156.378, 5.549
24.550, 156.539, 5.540
24.549, 156.787, 5.546
24.549, 157.038, 5.564
24.549, 157.121, 5.589
24.549, 157.295, 5.621
24.549, 157.544, 5.655
24.549, 157.724, 5.693
24.549, 157.893, 5.732
24.549, 158.063, 5.762
24.549, 158.323, 5.793
24.549, 158.589, 5.813
24.549, 158.677, 5.811
24.549, 158.860, 5.809
24.549, 159.052, 5.815
24.548, 159.322, 5.813
24.548, 159.585, 5.809
24.548, 159.972, 5.794
24.548, 160.152, 5.787
24.548, 160.332, 5.780
24.548, 160.630, 5.764
24.548, 160.922, 5.748
24.548, 161.009, 5.744
24.548, 161.186, 5.734
24.548, 161.448, 5.718
24.547, 161.703, 5.704
24.547, 161.793, 5.692
24.547, 161.964, 5.673
24.547, 162.218, 5.649
24.547, 162.473, 5.608
24.547, 162.570, 5.608
24.547, 162.696, 5.606
24.547, 163.039, 5.599
24.547, 163.322, 5.590
24.547, 163.412, 5.587
24.547, 163.522, 5.583
24.547, 163.858, 5.570
24.546, 164.130, 5.559
24.546, 164.240, 5.554
24.546, 164.445, 5.549
24.546, 164.632, 5.560
24.546, 164.900, 5.603
24.546, 165.167, 5.636
24.546, 165.257, 5.644
24.546, 165.438, 5.656
24.546, 165.703, 5.666
24.546, 165.975, 5.669
24.546, 166.069, 5.669
24.546, 166.245, 5.667
24.546, 166.426, 5.664
24.545, 166.686, 5.656
24.545, 166.896, 5.649
24.545, 167.169, 5.639
24.545, 167.426, 5.627
24.545, 167.515, 5.624
24.545, 167.688, 5.616
24.545, 167.860, 5.609
24.545, 168.069, 5.596
24.545, 168.318, 5.584
24.545, 168.771, 5.564
24.545, 169.032, 5.552
24.544, 169.213, 5.544
24.544, 169.308, 5.532
24.544, 169.397, 5.513
24.544, 169.580, 5.431
24.544, 169.744, 5.311
24.544, 169.922, 5.129
24.544, 170.116, 4.872
24.544, 170.390, 4.424
24.544, 170.533, 4.151
24.544, 170.665, 3.874
24.544, 170.783, 3.600
24.544, 170.882, 3.346
24.544, 171.043, 2.887
24.544, 171.160, 2.492
24.544, 171.293, 1.962
24.544, 171.345, 1.711
24.543, 171.409, 1.348
24.543, 171.460, 0.981
24.544, 171.474, 0.857
24.544, 171.489, 0.343
24.544, 171.501, 0.074
24.544, 171.522, 0.361
24.544, 171.546, 0.636
24.544, 171.571, 0.876
24.544, 171.624, 1.220
24.544, 171.689, 1.504
24.544, 171.737, 1.675
24.544, 171.765, 1.763
24.543, 171.792, 1.843
24.543, 171.851, 2.002
24.543, 171.950, 2.241
24.543, 172.101, 2.559
24.543, 172.179, 2.708
24.543, 172.273, 2.876
24.543, 172.413, 3.111
24.543, 172.560, 3.339
24.543, 172.712, 3.562
24.543, 172.832, 3.727
24.543, 172.886, 3.799
24.543, 172.940, 3.870
24.543, 173.058, 4.018
24.543, 173.190, 4.179
24.543, 173.394, 4.415
24.543, 173.612, 4.652
24.543, 173.832, 4.877
24.543, 173.902, 4.947
24.543, 174.067, 5.107
24.542, 174.308, 5.330
24.542, 174.546, 5.540
24.542, 174.630, 5.611
24.542, 174.791, 5.745
24.542, 175.038, 5.919
24.542, 175.304, 6.060
24.542, 175.504, 6.141
24.542, 175.691, 6.200
24.542, 175.889, 6.248
24.542, 176.161, 6.294
24.541, 176.435, 6.323
24.541, 176.703, 6.338
24.541, 176.795, 6.340
24.541, 176.980, 6.341
24.539, 177.257, 6.337
24.537, 177.631, 6.320
24.536, 177.812, 6.310
24.534, 178.073, 6.291
24.531, 178.333, 6.270
24.526, 178.600, 6.248
24.521, 178.866, 6.224
24.515, 179.127, 6.200
24.513, 179.217, 6.191
24.503, 179.648, 6.151
24.496, 179.915, 6.125
24.488, 180.170, 6.099
24.476, 180.418, 6.070
24.461, 180.672, 6.045
24.447, 180.890, 6.024
24.431, 181.129, 6.003
24.416, 181.324, 5.986
24.394, 181.608, 5.962
24.378, 181.813, 5.945
24.356, 182.066, 5.924
24.347, 182.168, 5.915
24.324, 182.427, 5.894
24.299, 182.658, 5.864
24.252, 182.963, 5.793
24.193, 183.227, 5.720
24.174, 183.302, 5.709
24.122, 183.492, 5.691
24.050, 183.733, 5.684
23.974, 183.963, 5.710
23.946, 184.044, 5.729
23.891, 184.202, 5.780
23.801, 184.455, 5.894
23.725, 184.705, 6.000
23.655, 184.953, 6.135
23.630, 185.039, 6.185
23.574, 185.223, 6.286
23.484, 185.487, 6.413
23.389, 185.727, 6.512
23.279, 185.968, 6.594
23.152, 186.206, 6.655
23.013, 186.428, 6.696
22.860, 186.638, 6.525
22.674, 186.853, 6.320
22.613, 186.914, 6.246
22.297, 187.175, 5.864
22.104, 187.296, 5.707
21.890, 187.405, 5.593
21.689, 187.486, 5.522
21.485, 187.552, 5.492
21.261, 187.609, 5.523
21.186, 187.628, 5.555
21.034, 187.665, 5.594
20.783, 187.720, 5.623
20.470, 187.777, 5.932
20.292, 187.804, 6.213
20.085, 187.831, 6.503
19.756, 187.863, 6.901
19.407, 187.888, 7.294
19.282, 187.897, 7.426
18.995, 187.914, 7.696
18.728, 187.926, 7.920
18.410, 187.934, 8.161
18.096, 187.937, 8.380
17.778, 187.934, 8.588
17.446, 187.926, 8.795
17.079, 187.917, 9.015
16.727, 187.906, 9.213
16.238, 187.888, 9.472
15.683, 187.862, 9.747
15.526, 187.854, 9.821
15.174, 187.838, 9.986
14.807, 187.821, 10.153
14.440, 187.804, 10.315
14.082, 187.787, 10.469
13.495, 187.760, 10.714
12.870, 187.733, 10.964
12.675, 187.726, 11.041
12.275, 187.711, 11.196
11.890, 187.697, 11.342
11.477, 187.683, 11.495
10.876, 187.665, 11.714
10.461, 187.654, 11.862
9.955, 187.642, 12.038
9.752, 187.638, 12.108
9.092, 187.625, 12.331
8.420, 187.614, 12.553
8.168, 187.610, 12.635
7.701, 187.604, 12.785
7.256, 187.599, 12.925
6.803, 187.595, 13.066
6.123, 187.589, 13.273
5.650, 187.586, 13.415
5.437, 187.585, 13.478
5.213, 187.583, 13.544
4.777, 187.581, 13.609
4.329, 187.579, 13.601
3.801, 187.576, 13.591
3.139, 187.574, 13.578
2.683, 187.572, 13.570
2.465, 187.572, 13.565
2.122, 187.571, 13.559
1.802, 187.570, 13.553
1.181, 187.568, 13.541
0.616, 187.567, 13.531
0.123, 187.566, 13.521
-0.594, 187.565, 13.508
-1.070, 187.564, 13.499
-1.282, 187.564, 13.495
-1.508, 187.563, 13.491
-1.942, 187.563, 13.482
-2.364, 187.563, 13.613
-3.062, 187.562, 13.822
-3.565, 187.562, 13.966
-4.042, 187.562, 14.098
-4.491, 187.562, 14.219
-4.944, 187.562, 14.339
-5.654, 187.562, 14.520
-6.636, 187.563, 14.761
-7.196, 187.563, 14.895
-7.701, 187.563, 15.011
-8.218, 187.563, 15.129
-8.960, 187.564, 15.295
-9.703, 187.564, 15.454
-9.953, 187.564, 15.508
-10.469, 187.564, 15.616
-10.953, 187.565, 15.716
-11.741, 187.565, 15.875
-12.493, 187.566, 16.023
-13.273, 187.566, 16.174
-13.553, 187.566, 16.227
-14.099, 187.566, 16.329
-14.623, 187.567, 16.426
-15.459, 187.567, 16.576
-16.477, 187.568, 16.756
-17.000, 187.568, 16.845
-17.883, 187.568, 16.994
-18.710, 187.569, 17.130
-18.987, 187.569, 17.175
-19.538, 187.569, 17.263
-20.304, 187.570, 17.384
-21.154, 187.570, 17.513
-21.439, 187.570, 17.556
-22.142, 187.570, 17.662
-22.977, 187.571, 17.783
-23.910, 187.571, 17.916
-24.182, 187.571, 17.954
-24.747, 187.572, 18.032
-25.319, 187.572, 18.110
-26.226, 187.572, 18.231
-27.549, 187.573, 18.219
-28.136, 187.573, 18.175
-28.731, 187.574, 18.131
-29.595, 187.574, 18.066
-30.399, 187.574, 18.001
-31.217, 187.575, 17.936
-31.502, 187.575, 17.913
-32.020, 187.575, 17.869
-32.622, 187.576, 17.819
-33.476, 187.576, 17.746
-34.302, 187.577, 17.676
-34.622, 187.577, 17.648
-35.179, 187.577, 17.600
-35.991, 187.577, 17.586
-36.580, 187.578, 17.671
-36.979, 187.578, 17.727
-37.938, 187.579, 17.855
-38.548, 187.579, 17.931
-39.182, 187.579, 18.008
-40.129, 187.580, 18.116
-41.333, 187.580, 18.246
-41.926, 187.580, 18.308
-42.522, 187.581, 18.369
-43.491, 187.581, 18.465
-44.396, 187.582, 18.553
-44.706, 187.582, 18.583
-45.352, 187.582, 18.644
-46.056, 187.582, 18.710
-46.667, 187.583, 18.766
-47.557, 187.583, 18.847
-48.429, 187.583, 18.926
-49.340, 187.584, 19.008
-49.630, 187.584, 19.033
-50.056, 187.584, 19.071
-50.867, 187.585, 19.142
-51.942, 187.585, 19.235
-52.576, 187.586, 19.290
-52.910, 187.586, 19.319
-53.239, 187.586, 19.347
-53.664, 187.586, 19.383
-54.624, 187.587, 19.465
-55.530, 187.587, 19.541
-56.372, 187.588, 19.612
-57.037, 187.588, 19.667
-57.683, 187.588, 19.720
-58.642, 187.589, 19.799
-59.395, 187.589, 19.861
-60.312, 187.590, 19.935
-61.119, 187.590, 20.000
-62.063, 187.590, 20.076
-62.431, 187.591, 20.105
-63.535, 187.591, 20.193
-64.520, 187.592, 20.270
-65.591, 187.592, 20.354
-66.239, 187.593, 20.405
-67.242, 187.593, 20.482
-68.237, 187.593, 20.559
-68.548, 187.594, 20.582
-69.186, 187.594, 20.631
-69.832, 187.594, 20.680
-70.822, 187.595, 20.755
-71.890, 187.595, 20.835
-72.182, 187.595, 20.857
-72.797, 187.596, 20.903
-73.737, 187.596, 20.973
-74.647, 187.597, 21.043
-75.000, 187.597, 21.070
-75.593, 187.597, 21.117
-76.479, 187.598, 21.188
-77.398, 187.598, 21.265
-78.330, 187.599, 21.344
-79.127, 187.599, 21.414
-79.617, 187.599, 21.457
-80.462, 187.600, 21.531
-81.666, 187.600, 21.638
-82.667, 187.601, 21.728
-83.659, 187.601, 21.817
-83.987, 187.601, 21.847
-84.644, 187.602, 21.907
-85.663, 187.602, 22.000
-86.671, 187.603, 22.093
-87.051, 187.603, 22.128
-87.728, 187.603, 22.191
-88.523, 187.604, 22.263
-89.282, 187.604, 22.321
-90.517, 187.605, 22.381
-91.396, 187.605, 22.404
-91.734, 187.605, 22.401
-92.136, 187.605, 22.389
-92.675, 187.606, 22.370
-93.692, 187.606, 22.333
-94.678, 187.607, 22.298
-95.602, 187.607, 22.265
-96.547, 187.608, 22.235
-97.418, 187.608, 22.206
-98.338, 187.609, 22.178
-99.244, 187.609, 22.151
-99.753, 187.609, 22.136
-100.844, 187.610, 22.105
-101.898, 187.611, 22.077
-102.721, 187.611, 22.031
-103.776, 187.612, 21.840
-104.796, 187.612, 21.708
-105.175, 187.612, 21.674
-105.866, 187.613, 21.627
-106.873, 187.613, 21.595
-107.890, 187.614, 21.597
-108.256, 187.614, 21.605
-108.926, 187.614, 21.627
-109.923, 187.615, 21.675
-111.793, 187.616, 21.804
-112.720, 187.616, 21.881
-113.033, 187.616, 21.909
-113.712, 187.617, 21.971
-114.458, 187.617, 22.043
-115.431, 187.617, 22.140
-116.451, 187.618, 22.247
-117.453, 187.618, 22.350
-118.460, 187.619, 22.429
-118.850, 187.619, 22.451
-119.485, 187.619, 22.478
-120.457, 187.620, 22.500
-121.488, 187.620, 22.501
-122.473, 187.621, 22.485
-123.408, 187.621, 22.458
-123.706, 187.621, 22.448
-124.391, 187.622, 22.420
-125.609, 187.622, 22.362
-126.536, 187.623, 22.311
-126.845, 187.623, 22.293
-127.549, 187.623, 22.250
-128.489, 187.624, 22.191
-129.409, 187.624, 22.136
-130.357, 187.625, 22.099
-130.667, 187.625, 22.094
-131.318, 187.625, 22.091
-132.230, 187.626, 22.107
-133.279, 187.626, 22.146
-134.276, 187.627, 22.199
-134.581, 187.627, 22.218
-135.284, 187.628, 22.266
-136.304, 187.628, 22.317
-137.286, 187.629, 22.298
-137.612, 187.629, 22.289
-138.350, 187.629, 22.270
-139.327, 187.629, 22.245
-140.312, 187.629, 22.219
-141.342, 187.626, 22.191
-141.693, 187.625, 22.181
-142.400, 187.621, 22.162
-143.423, 187.612, 22.132
-144.406, 187.597, 22.102
-144.726, 187.591, 22.092
-145.355, 187.577, 22.071
-146.318, 187.548, 22.038
-147.251, 187.512, 22.004
-148.199, 187.464, 22.072
-149.116, 187.408, 22.151
-150.022, 187.342, 22.232
-150.385, 187.312, 22.263
-151.029, 187.254, 22.313
-152.081, 187.147, 22.377
-153.134, 187.023, 22.407
-153.457, 186.981, 22.413
-154.198, 186.880, 22.417
-154.914, 186.773, 22.413
-155.951, 186.605, 22.396
-156.970, 186.424, 22.374
-157.323, 186.358, 22.364
-157.908, 186.244, 22.344
-158.846, 186.052, 22.312
-159.552, 185.898, 22.285
-160.546, 185.670, 22.247
-161.542, 185.429, 22.206
-162.509, 185.183, 22.172
-162.832, 185.098, 22.164
-163.479, 184.924, 22.158
-164.419, 184.662, 22.169
-165.435, 184.368, 22.203
-166.779, 183.960, 22.273
-167.375, 183.773, 22.304
-168.414, 183.436, 22.338
-169.423, 183.096, 22.350
-169.751, 182.982, 22.351
-170.406, 182.752, 22.347
-171.085, 182.508, 22.337
-172.121, 182.124, 22.314
-172.796, 181.865, 22.294
-173.468, 181.601, 22.272
-174.162, 181.323, 22.245
-174.872, 181.031, 22.215
-175.763, 180.652, 22.179
-176.615, 180.278, 22.156
-177.890, 179.698, 22.161
-178.534, 179.394, 22.180
-179.398, 178.975, 22.216
-180.322, 178.513, 22.269
-181.247, 178.037, 22.313
-181.546, 177.879, 22.323
-182.113, 177.577, 22.334
-182.687, 177.264, 22.321
-183.662, 176.721, 22.281
-184.591, 176.188, 22.241
-184.867, 176.026, 22.229
-185.435, 175.689, 22.205
-186.056, 175.313, 22.178
-186.759, 174.880, 22.148
-187.579, 174.362, 22.112
-188.354, 173.861, 22.078
-189.132, 173.345, 22.044
-189.826, 172.874, 22.013
-190.467, 172.430, 21.984
-191.355, 171.801, 21.945
-192.372, 171.059, 21.744
-192.739, 170.785, 21.665
-193.391, 170.292, 21.552
-193.970, 169.846, 21.480
-194.800, 169.191, 21.420
-195.639, 168.511, 21.400
-195.895, 168.301, 21.401
-196.425, 167.858, 21.412
-196.999, 167.371, 21.436
-197.515, 166.924, 21.466
-198.295, 166.237, 21.526
-198.903, 165.690, 21.583
-199.618, 165.033, 21.657
-200.159, 164.526, 21.720
-200.717, 163.996, 21.788
-201.285, 163.445, 21.862
-201.816, 162.921, 21.933
-202.660, 162.071, 22.051
-203.737, 160.952, 22.210
-204.286, 160.366, 22.293
-204.779, 159.829, 22.365
-205.434, 159.103, 22.433
